1 0.2765625 0.828125 0.340625 0.34375
0 0.61875 0.8489583333333334 0.15625 0.19375
0 0.15546875000000002 0.4979166666666667 0.1453125 0.25
0 0.76953125 0.9166666666666666 0.13593750000000002 0.16666666666666666
0 0.78828125 0.35833333333333334 0.13593750000000002 0.16666666666666666
0 0.77734375 0.6979166666666666 0.13593750000000002 0.16666666666666666
0 0.72265625 0.69375 0.1421875 0.20833333333333334
0 0.50546875 0.8260416666666667 0.1421875 0.22708333333333333
0 0.9226562500000001 0.23020833333333332 0.1421875 0.20208333333333334
0 0.8289062500000001 0.290625 0.1421875 0.20208333333333334
0 0.6359375 0.44166666666666665 0.096875 0.17083333333333334
0 0.565625 0.4666666666666667 0.10312500000000001 0.19583333333333333
0 0.5453125 0.23645833333333333 0.18125000000000002 0.22708333333333333
0 0.54921875 0.071875 0.1640625 0.13958333333333334
0 0.62109375 0.17083333333333334 0.1609375 0.23333333333333334
0 0.29296875 0.1 0.16718750000000002 0.19583333333333333
0 0.07734375 0.21041666666666667 0.15156250000000002 0.2625
0 0.3296875 0.44166666666666665 0.14375000000000002 0.21666666666666667
0 0.8046875 0.55 0.15937500000000002 0.22916666666666666