0 0.3125 0.834375 0.18125000000000002 0.19375
0 0.12890625 0.8708333333333333 0.17343750000000002 0.1875
0 0.415625 0.284375 0.18125000000000002 0.19375
0 0.6960937500000001 0.19791666666666666 0.18281250000000002 0.225
0 0.72421875 0.434375 0.1453125 0.22708333333333333
0 0.9320312500000001 0.6072916666666667 0.13593750000000002 0.26458333333333334
0 0.29531250000000003 0.5104166666666666 0.153125 0.2125
0 0.45 0.6979166666666666 0.153125 0.2125
0 0.1609375 0.7291666666666666 0.15625 0.1875
0 0.51484375 0.16666666666666666 0.1765625 0.25
1 0.6296875000000001 0.6989583333333333 0.20625000000000002 0.27708333333333335
2 0.23515625 0.43854166666666666 0.051562500000000004 0.06875
1 0.93359375 0.3145833333333333 0.1328125 0.2583333333333333