1 0.225217 0.182609 0.217391 0.229565
1 0.903478 0.753043 0.189565 0.243478
1 0.121739 0.898261 0.233043 0.200000
1 0.093043 0.340870 0.186087 0.215652
1 0.881739 0.945217 0.233043 0.106087
1 0.105217 0.082609 0.210435 0.161739
1 0.565217 0.194783 0.226087 0.229565
1 0.101739 0.561739 0.203478 0.215652
1 0.750435 0.326957 0.227826 0.250435
1 0.920000 0.417391 0.156522 0.240000
1 0.409565 0.916522 0.217391 0.163478
0 0.507826 0.515652 0.462609 0.478261
1 0.833043 0.536522 0.222609 0.234783
1 0.791304 0.735652 0.222609 0.191304
