1 0.326957 0.110435 0.219130 0.217391
1 0.137391 0.921739 0.243478 0.153043
1 0.822609 0.103478 0.222609 0.206957
1 0.108696 0.200000 0.213913 0.281739
1 0.559130 0.093043 0.231304 0.186087
1 0.897391 0.793043 0.201739 0.243478
1 0.166087 0.480000 0.213913 0.253913
1 0.798261 0.548696 0.215652 0.307826
1 0.504348 0.873043 0.215652 0.208696
1 0.855652 0.446087 0.222609 0.213913
0 0.482609 0.411304 0.467826 0.544348
1 0.153913 0.726957 0.266087 0.226087
1 0.316522 0.725217 0.233043 0.229565
1 0.633913 0.806957 0.196522 0.212174
