1 0.286957 0.935652 0.253913 0.125217
1 0.086087 0.128696 0.172174 0.253913
1 0.906087 0.703478 0.184348 0.280000
1 0.192174 0.580000 0.266087 0.290435
1 0.886957 0.298261 0.212174 0.280000
1 0.731304 0.163478 0.172174 0.243478
1 0.604348 0.899130 0.238261 0.198261
1 0.899130 0.071304 0.187826 0.142609
1 0.734783 0.651304 0.241739 0.283478
1 0.500870 0.730435 0.243478 0.212174
1 0.105217 0.345217 0.210435 0.227826
1 0.714783 0.947826 0.246957 0.100870
1 0.311304 0.345217 0.201739 0.280000
0 0.503478 0.494783 0.356522 0.328696
