1 0.925000 0.337466 0.144444 0.256198
1 0.116667 0.643251 0.211111 0.239669
1 0.908333 0.585399 0.177778 0.223140
1 0.377778 0.210744 0.272222 0.272727
1 0.766667 0.075758 0.233333 0.146006
1 0.765278 0.666667 0.191667 0.264463
1 0.350000 0.893939 0.255556 0.206612
1 0.744444 0.276860 0.238889 0.223140
1 0.298611 0.690083 0.208333 0.256198
1 0.168056 0.347107 0.236111 0.269972
1 0.627778 0.910468 0.266667 0.173554
1 0.898611 0.823691 0.197222 0.220386
1 0.558333 0.760331 0.261111 0.209366
0 0.501080 0.498623 0.374383 0.396694
