1 0.585938 0.826172 0.226562 0.238281
1 0.109375 0.529297 0.218750 0.222656
1 0.220703 0.699219 0.246094 0.226562
1 0.404297 0.580078 0.222656 0.269531
1 0.140625 0.906250 0.265625 0.171875
1 0.250000 0.148438 0.250000 0.250000
1 0.923828 0.859375 0.136719 0.265625
1 0.435547 0.126953 0.175781 0.253906
1 0.763672 0.931641 0.246094 0.128906
1 0.923828 0.451172 0.136719 0.261719
1 0.628906 0.087891 0.250000 0.175781
1 0.064453 0.359375 0.128906 0.218750
1 0.798828 0.779297 0.238281 0.214844
1 0.335938 0.875000 0.265625 0.234375
1 0.076172 0.228516 0.152344 0.222656
1 0.687500 0.628906 0.218750 0.195312
1 0.822266 0.589844 0.253906 0.187500
1 0.158203 0.072266 0.230469 0.144531
0 0.680224 0.316828 0.371783 0.358686
