1 0.070833 0.425620 0.141667 0.206612
1 0.677778 0.096419 0.211111 0.192837
1 0.881944 0.921488 0.225000 0.151515
1 0.112500 0.187328 0.213889 0.220386
1 0.800000 0.371901 0.188889 0.225895
1 0.793056 0.148760 0.186111 0.209366
1 0.677778 0.867769 0.222222 0.247934
1 0.384722 0.170799 0.247222 0.236915
1 0.265278 0.341598 0.202778 0.214876
1 0.447222 0.888430 0.227778 0.212121
1 0.061111 0.831956 0.122222 0.198347
1 0.206944 0.752066 0.208333 0.242424
1 0.729167 0.734160 0.208333 0.190083
1 0.786111 0.596419 0.216667 0.212121
1 0.431944 0.775482 0.230556 0.168044
1 0.263889 0.652893 0.205556 0.198347
1 0.161111 0.089532 0.261111 0.179063
0 0.499074 0.501837 0.347531 0.401898
1 0.922222 0.079890 0.150000 0.159780
