1 0.913913 0.153043 0.168696 0.236522
1 0.177391 0.570435 0.212174 0.222609
1 0.056522 0.107826 0.109565 0.215652
1 0.760870 0.891304 0.217391 0.213913
1 0.240870 0.350435 0.238261 0.220870
1 0.837391 0.747826 0.224348 0.253913
1 0.569565 0.946087 0.231304 0.104348
0 0.506957 0.510435 0.349565 0.349565
1 0.917391 0.926087 0.161739 0.144348
1 0.352174 0.781739 0.252174 0.245217
1 0.196522 0.823478 0.233043 0.217391
1 0.225217 0.081739 0.266087 0.163478
1 0.833043 0.491304 0.215652 0.227826
1 0.867826 0.360870 0.226087 0.196522
1 0.411304 0.120870 0.224348 0.220870
1 0.500870 0.217391 0.243478 0.222609
