1 0.781944 0.258953 0.191667 0.198347
1 0.494444 0.173554 0.238889 0.214876
1 0.651389 0.790634 0.202778 0.198347
1 0.168056 0.920110 0.219444 0.154270
1 0.929167 0.476584 0.136111 0.209366
1 0.693056 0.082645 0.191667 0.165289
1 0.741667 0.936639 0.227778 0.121212
1 0.198611 0.578512 0.180556 0.231405
1 0.345833 0.789256 0.225000 0.212121
1 0.509722 0.931129 0.230556 0.132231
1 0.198611 0.323691 0.202778 0.223140
1 0.912500 0.796143 0.169444 0.220386
1 0.051389 0.581267 0.102778 0.214876
1 0.047222 0.256198 0.094444 0.231405
1 0.805556 0.639118 0.205556 0.231405
1 0.863889 0.048209 0.188889 0.096419
1 0.894444 0.275482 0.188889 0.198347
1 0.187500 0.187328 0.191667 0.176309
2 0.113889 0.490358 0.061111 0.071625
0 0.500000 0.500000 0.383333 0.371901
