0 0.868750 0.800000 0.259375 0.395833
1 0.131250 0.441667 0.171875 0.191667
1 0.462500 0.815625 0.162500 0.210417
1 0.612500 0.219792 0.190625 0.218750
1 0.261719 0.775000 0.154688 0.212500
1 0.127344 0.834375 0.179688 0.206250
1 0.096875 0.162500 0.159375 0.212500
1 0.361719 0.103125 0.182812 0.206250
2 0.703125 0.545833 0.090625 0.137500
1 0.907813 0.546875 0.175000 0.185417
2 0.217969 0.084375 0.067187 0.085417
1 0.506250 0.668750 0.171875 0.225000
1 0.948438 0.130208 0.100000 0.206250
2 0.134375 0.269792 0.059375 0.072917
1 0.337500 0.323958 0.168750 0.206250
1 0.630469 0.703125 0.170313 0.185417
1 0.703125 0.382292 0.162500 0.197917
1 0.721875 0.078125 0.212500 0.156250
1 0.884375 0.296875 0.125000 0.181250
1 0.798438 0.334375 0.140625 0.177083
1 0.387500 0.409375 0.150000 0.177083
1 0.328125 0.620833 0.193750 0.229167
2 0.027344 0.546875 0.051562 0.077083
