1 0.091667 0.589532 0.183333 0.209366
1 0.930556 0.730028 0.133333 0.176309
1 0.208333 0.769972 0.200000 0.190083
1 0.306944 0.933884 0.208333 0.126722
1 0.201389 0.122590 0.213889 0.212121
1 0.570833 0.790634 0.208333 0.209366
2 0.922222 0.391185 0.094444 0.088154
2 0.029167 0.860882 0.058333 0.068871
2 0.465278 0.900826 0.080556 0.071625
2 0.291667 0.344353 0.083333 0.082645
2 0.879167 0.498623 0.075000 0.077135
0 0.505556 0.498623 0.327778 0.358127
0 0.864352 0.136976 0.265741 0.268442
2 0.045833 0.176309 0.086111 0.077135
