0 0.526563 0.665625 0.328125 0.464583
1 0.775000 0.931250 0.178125 0.133333
1 0.914062 0.319792 0.168750 0.206250
1 0.145313 0.644792 0.171875 0.218750
1 0.056250 0.789583 0.109375 0.225000
1 0.938281 0.665625 0.120313 0.214583
1 0.893750 0.477083 0.171875 0.212500
1 0.915625 0.182292 0.165625 0.231250
1 0.317969 0.363542 0.148438 0.202083
1 0.518750 0.940625 0.181250 0.114583
1 0.501563 0.328125 0.165625 0.218750
1 0.499219 0.114583 0.167187 0.212500
1 0.104688 0.433333 0.193750 0.225000
1 0.230469 0.858333 0.195312 0.262500
1 0.304688 0.659375 0.178125 0.206250
1 0.325000 0.070833 0.134375 0.137500
1 0.727344 0.062500 0.189062 0.125000
1 0.231250 0.175000 0.165625 0.216667
1 0.621875 0.293750 0.156250 0.229167
1 0.042969 0.491667 0.085938 0.204167
1 0.057813 0.230208 0.112500 0.193750
1 0.768750 0.723958 0.150000 0.218750
1 0.718750 0.781250 0.153125 0.170833
1 0.643750 0.206250 0.131250 0.179167
1 0.177344 0.120833 0.148438 0.187500
1 0.361719 0.287500 0.120313 0.175000
