1 0.208333 0.089532 0.211111 0.173554
1 0.218056 0.753444 0.180556 0.179063
1 0.252778 0.283747 0.211111 0.209366
1 0.093056 0.398072 0.180556 0.223140
1 0.930556 0.851240 0.133333 0.203857
1 0.222222 0.559229 0.194444 0.209366
1 0.065278 0.596419 0.125000 0.206612
1 0.068056 0.814050 0.136111 0.223140
1 0.936111 0.139118 0.122222 0.206612
1 0.175000 0.926997 0.205556 0.140496
1 0.751389 0.896694 0.213889 0.201102
1 0.406944 0.801653 0.202778 0.231405
1 0.591667 0.089532 0.194444 0.179063
1 0.805556 0.680441 0.211111 0.236915
1 0.605556 0.750689 0.211111 0.206612
1 0.805556 0.498623 0.200000 0.242424
1 0.775000 0.241047 0.216667 0.217631
1 0.941667 0.528926 0.111111 0.209366
0 0.504167 0.471074 0.380556 0.374656
1 0.730556 0.166667 0.194444 0.168044
