1 0.066667 0.884298 0.127778 0.220386
1 0.891667 0.747934 0.211111 0.278237
1 0.079167 0.146006 0.158333 0.220386
1 0.829167 0.484848 0.186111 0.253444
1 0.280556 0.746556 0.211111 0.264463
1 0.704167 0.071625 0.275000 0.143251
1 0.798611 0.227273 0.241667 0.239669
1 0.208333 0.360882 0.261111 0.247934
1 0.155556 0.225895 0.227778 0.275482
1 0.350000 0.066116 0.333333 0.132231
2 0.776389 0.820937 0.075000 0.077135
2 0.118056 0.035813 0.097222 0.071625
1 0.084722 0.582645 0.169444 0.201102
1 0.101389 0.676309 0.197222 0.206612
0 0.508179 0.502602 0.449691 0.443220
