1 0.901389 0.776860 0.191667 0.236915
1 0.126389 0.563361 0.180556 0.201102
1 0.565278 0.898072 0.197222 0.198347
1 0.280556 0.185950 0.194444 0.190083
1 0.481944 0.252066 0.241667 0.173554
1 0.084722 0.198347 0.169444 0.247934
1 0.263889 0.378788 0.216667 0.206612
1 0.063889 0.395317 0.127778 0.179063
1 0.720833 0.280992 0.225000 0.214876
1 0.763889 0.914601 0.233333 0.165289
0 0.501389 0.504132 0.352778 0.297521
2 0.640278 0.114325 0.091667 0.101928
1 0.372531 0.840526 0.204938 0.171411
1 0.325397 0.044274 0.157143 0.085006
