1 0.743056 0.307163 0.197222 0.217631
1 0.847222 0.506887 0.194444 0.203857
1 0.163889 0.071625 0.194444 0.143251
1 0.411111 0.097796 0.272222 0.195592
1 0.318056 0.213499 0.236111 0.217631
1 0.176389 0.400826 0.186111 0.206612
1 0.101389 0.315427 0.197222 0.201102
1 0.245833 0.847107 0.252778 0.250689
1 0.787500 0.095041 0.197222 0.179063
1 0.543056 0.844353 0.236111 0.223140
1 0.216667 0.614325 0.211111 0.187328
1 0.848611 0.888430 0.247222 0.190083
1 0.077778 0.925620 0.155556 0.143251
1 0.826389 0.670799 0.213889 0.212121
1 0.887500 0.174931 0.219444 0.217631
0 0.504630 0.496939 0.398148 0.414754
