0 0.465625 0.771875 0.387500 0.431250
1 0.398438 0.293750 0.168750 0.212500
1 0.606250 0.077083 0.187500 0.150000
1 0.831250 0.734375 0.162500 0.218750
1 0.737500 0.165625 0.162500 0.206250
1 0.950000 0.196875 0.096875 0.231250
1 0.925000 0.488542 0.146875 0.243750
1 0.275000 0.147917 0.193750 0.245833
1 0.134375 0.272917 0.162500 0.216667
1 0.071094 0.721875 0.142187 0.218750
1 0.102344 0.845833 0.157812 0.187500
2 0.336719 0.938542 0.070312 0.089583
1 0.949219 0.687500 0.098437 0.187500
1 0.224219 0.735417 0.145313 0.250000
1 0.186719 0.472917 0.210938 0.262500
1 0.718750 0.290625 0.156250 0.193750
1 0.715625 0.498958 0.162500 0.256250
1 0.815625 0.916667 0.175000 0.162500
1 0.938281 0.912500 0.120313 0.170833
1 0.356250 0.507292 0.178125 0.168750
1 0.450000 0.454167 0.121875 0.166667
