1 0.906944 0.717631 0.180556 0.217631
1 0.229167 0.180441 0.202778 0.217631
1 0.068056 0.360882 0.130556 0.209366
1 0.766667 0.913223 0.200000 0.168044
1 0.659722 0.136364 0.219444 0.239669
1 0.211111 0.454545 0.216667 0.253444
1 0.304167 0.716253 0.197222 0.225895
1 0.459722 0.887052 0.219444 0.203857
1 0.437500 0.078512 0.219444 0.157025
1 0.704167 0.723140 0.219444 0.239669
1 0.193056 0.898072 0.219444 0.192837
1 0.893056 0.143251 0.208333 0.220386
2 0.048611 0.961433 0.091667 0.071625
0 0.501389 0.512397 0.391667 0.424242
