1 0.052778 0.393939 0.105556 0.231405
1 0.316667 0.263085 0.261111 0.256198
1 0.511111 0.108815 0.222222 0.217631
1 0.279167 0.074380 0.230556 0.148760
1 0.866667 0.716253 0.227778 0.214876
1 0.225000 0.699725 0.205556 0.214876
1 0.740278 0.589532 0.163889 0.187328
1 0.702778 0.048209 0.211111 0.096419
1 0.715278 0.280992 0.208333 0.247934
1 0.202778 0.899449 0.188889 0.190083
1 0.687500 0.856749 0.230556 0.220386
1 0.063889 0.814050 0.127778 0.195592
1 0.893056 0.468320 0.208333 0.247934
1 0.900000 0.214876 0.194444 0.225895
1 0.458333 0.826446 0.233333 0.209366
1 0.306944 0.917355 0.230556 0.154270
1 0.143056 0.082645 0.197222 0.165289
1 0.952778 0.256198 0.088889 0.220386
1 0.584722 0.263085 0.130556 0.195592
1 0.608333 0.778237 0.227778 0.228650
1 0.919444 0.826446 0.155556 0.225895
0 0.522377 0.533517 0.365741 0.473217
1 0.919444 0.858127 0.155556 0.157025
1 0.633333 0.807163 0.244444 0.269972
