0 0.684375 0.607292 0.293750 0.406250
1 0.790625 0.275000 0.150000 0.233333
1 0.524219 0.281250 0.167187 0.212500
1 0.246094 0.502083 0.170313 0.212500
1 0.258594 0.134375 0.164062 0.202083
1 0.056250 0.410417 0.109375 0.212500
1 0.334375 0.321875 0.162500 0.206250
1 0.917969 0.102083 0.160938 0.200000
1 0.415625 0.139583 0.178125 0.200000
1 0.075000 0.853125 0.150000 0.206250
1 0.043750 0.659375 0.087500 0.193750
1 0.774219 0.068750 0.154688 0.137500
1 0.190625 0.306250 0.150000 0.191667
1 0.352344 0.844792 0.201563 0.210417
1 0.398438 0.644792 0.178125 0.197917
1 0.682813 0.889583 0.140625 0.175000
1 0.437500 0.489583 0.156250 0.212500
1 0.928125 0.535417 0.140625 0.212500
1 0.158594 0.691667 0.167187 0.245833
1 0.772453 0.877276 0.135242 0.180322
