1 0.920000 0.554783 0.156522 0.243478
1 0.216522 0.897391 0.189565 0.201739
1 0.889565 0.100870 0.217391 0.198261
1 0.285217 0.069565 0.243478 0.139130
1 0.720000 0.900000 0.250435 0.196522
1 0.083478 0.708696 0.163478 0.217391
1 0.139130 0.200870 0.236522 0.217391
1 0.771304 0.257391 0.280000 0.243478
1 0.666957 0.071304 0.241739 0.142609
1 0.459130 0.940000 0.243478 0.116522
1 0.186087 0.431304 0.226087 0.240000
1 0.271304 0.528696 0.222609 0.274783
1 0.374783 0.776522 0.241739 0.217391
0 0.510435 0.525217 0.523478 0.706087
