1 0.596875 0.637500 0.175000 0.220833
1 0.176563 0.668750 0.156250 0.195833
1 0.914844 0.458333 0.167187 0.254167
1 0.784375 0.618750 0.196875 0.233333
0 0.117969 0.387500 0.235937 0.454167
1 0.301563 0.264583 0.171875 0.212500
1 0.627344 0.368750 0.189062 0.225000
1 0.655469 0.843750 0.160938 0.212500
1 0.284375 0.822917 0.156250 0.191667
1 0.175000 0.116667 0.140625 0.170833
1 0.300000 0.612500 0.168750 0.204167
1 0.815625 0.260417 0.156250 0.195833
1 0.401562 0.925000 0.178125 0.145833
1 0.949219 0.182292 0.098437 0.239583
1 0.400000 0.077083 0.184375 0.150000
1 0.630469 0.107292 0.154688 0.210417
1 0.911719 0.781250 0.173437 0.225000
2 0.309375 0.462500 0.062500 0.087500
1 0.687500 0.146875 0.125000 0.181250
