0 0.548438 0.510417 0.368750 0.491667
1 0.753125 0.671875 0.165625 0.222917
1 0.920312 0.704167 0.156250 0.212500
1 0.071094 0.697917 0.139063 0.212500
1 0.259375 0.405208 0.156250 0.218750
1 0.421875 0.772917 0.171875 0.212500
1 0.831250 0.348958 0.181250 0.243750
1 0.528125 0.154167 0.153125 0.208333
1 0.414844 0.934375 0.176563 0.127083
1 0.812500 0.105208 0.171875 0.206250
1 0.334375 0.597917 0.171875 0.204167
1 0.921094 0.912500 0.154688 0.170833
1 0.950000 0.471875 0.093750 0.206250
1 0.696094 0.225000 0.151562 0.212500
1 0.615625 0.840625 0.178125 0.256250
1 0.243750 0.761458 0.187500 0.218750
2 0.725000 0.942708 0.093750 0.106250
1 0.105469 0.147917 0.201563 0.233333
1 0.280469 0.071875 0.170313 0.143750
1 0.679688 0.053125 0.156250 0.106250
2 0.493750 0.857292 0.046875 0.060417
1 0.234375 0.882292 0.150000 0.160417
1 0.384375 0.066667 0.159375 0.129167
1 0.050046 0.473082 0.100093 0.196163
1 0.120313 0.262500 0.187500 0.200000
1 0.378125 0.341667 0.109375 0.266667
1 0.113243 0.486592 0.131498 0.173267
