0 0.356250 0.700000 0.315625 0.458333
1 0.631250 0.535417 0.165625 0.220833
1 0.705469 0.788542 0.185938 0.214583
1 0.855469 0.942708 0.145313 0.110417
1 0.583594 0.293750 0.126562 0.225000
1 0.162500 0.914583 0.181250 0.166667
1 0.042188 0.122917 0.081250 0.195833
1 0.896875 0.429167 0.146875 0.195833
1 0.864844 0.770833 0.154688 0.179167
1 0.815625 0.652083 0.178125 0.208333
1 0.942969 0.217708 0.107813 0.206250
2 0.071875 0.694792 0.078125 0.102083
1 0.134375 0.655208 0.153125 0.206250
1 0.353125 0.361458 0.171875 0.168750
1 0.380469 0.068750 0.148438 0.137500
1 0.655469 0.118750 0.154688 0.220833
1 0.085938 0.318750 0.168750 0.229167
1 0.196875 0.466667 0.140625 0.175000
1 0.475000 0.266667 0.093750 0.262500
2 0.428125 0.237500 0.059375 0.066667
1 0.706250 0.301042 0.103125 0.214583
1 0.781250 0.303125 0.093750 0.177083
1 0.839063 0.198958 0.109375 0.156250
