1 0.095833 0.194215 0.191667 0.223140
1 0.865278 0.169421 0.252778 0.217631
1 0.225000 0.195592 0.188889 0.225895
1 0.840278 0.534435 0.202778 0.286501
1 0.466667 0.128099 0.222222 0.228650
1 0.901389 0.775482 0.191667 0.250689
1 0.708333 0.940771 0.227778 0.112948
1 0.702778 0.768595 0.233333 0.247934
1 0.365278 0.877410 0.219444 0.239669
1 0.686111 0.079890 0.244444 0.159780
1 0.215278 0.696970 0.258333 0.253444
1 0.250000 0.460055 0.188889 0.225895
1 0.686111 0.252066 0.205556 0.250689
1 0.891667 0.298898 0.211111 0.173554
1 0.565278 0.911846 0.202778 0.170799
1 0.145833 0.898072 0.230556 0.187328
1 0.134259 0.944291 0.227778 0.105908
0 0.485031 0.522804 0.511420 0.601775
0 0.075617 0.490052 0.151235 0.358127
