0 0.409375 0.773958 0.356250 0.418750
1 0.275000 0.312500 0.171875 0.212500
1 0.731250 0.778125 0.181250 0.214583
1 0.906250 0.413542 0.171875 0.227083
1 0.837500 0.162500 0.193750 0.245833
1 0.734375 0.363542 0.168750 0.202083
1 0.775000 0.562500 0.162500 0.191667
1 0.536719 0.260417 0.179688 0.220833
1 0.081250 0.555208 0.162500 0.206250
1 0.934375 0.633333 0.128125 0.200000
1 0.621875 0.520833 0.143750 0.212500
1 0.160938 0.141667 0.171875 0.237500
1 0.040625 0.146875 0.078125 0.227083
1 0.385937 0.116667 0.193750 0.225000
1 0.412500 0.440625 0.165625 0.214583
1 0.180469 0.841667 0.148438 0.200000
1 0.562500 0.078125 0.150000 0.156250
1 0.903125 0.893750 0.178125 0.195833
1 0.605469 0.916667 0.151562 0.162500
1 0.721094 0.055208 0.173437 0.106250
1 0.228125 0.534375 0.125000 0.193750
1 0.154688 0.471875 0.168750 0.218750
1 0.934375 0.105208 0.118750 0.206250
