1 0.105556 0.680441 0.211111 0.203857
1 0.919444 0.278237 0.155556 0.203857
1 0.720833 0.904959 0.208333 0.184573
1 0.187500 0.882920 0.225000 0.206612
1 0.063889 0.420110 0.127778 0.245179
1 0.359722 0.169421 0.247222 0.212121
1 0.120833 0.198347 0.236111 0.203857
1 0.800000 0.688705 0.222222 0.236915
1 0.730556 0.341598 0.216667 0.225895
1 0.173611 0.469697 0.208333 0.206612
1 0.550000 0.852617 0.238889 0.195592
0 0.498457 0.555096 0.401235 0.390266
1 0.952183 0.895809 0.090079 0.191854
2 0.547619 0.976978 0.055556 0.039355
