1 0.765625 0.546875 0.250000 0.250000
1 0.250000 0.734375 0.265625 0.250000
1 0.183594 0.173828 0.281250 0.253906
1 0.478516 0.324219 0.222656 0.218750
1 0.292969 0.244141 0.242188 0.246094
1 0.248047 0.503906 0.253906 0.250000
1 0.917969 0.451172 0.156250 0.277344
1 0.085938 0.359375 0.171875 0.265625
1 0.759766 0.326172 0.230469 0.246094
1 0.593750 0.109375 0.234375 0.218750
1 0.074219 0.810547 0.148438 0.238281
1 0.859375 0.794922 0.250000 0.253906
1 0.666016 0.304688 0.199219 0.226562
1 0.917969 0.140625 0.156250 0.218750
1 0.886719 0.062500 0.218750 0.125000
0 0.574219 0.763672 0.351562 0.371094
1 0.296875 0.621094 0.203125 0.226562
