1 0.869444 0.188705 0.188889 0.201102
1 0.062500 0.134986 0.125000 0.220386
1 0.073611 0.687328 0.147222 0.212121
1 0.765278 0.371901 0.202778 0.198347
1 0.670833 0.874656 0.213889 0.217631
1 0.412500 0.944904 0.197222 0.104683
1 0.862500 0.940771 0.208333 0.112948
1 0.105556 0.921488 0.194444 0.151515
1 0.770833 0.046832 0.225000 0.093664
1 0.662500 0.188705 0.213889 0.206612
1 0.844444 0.561983 0.205556 0.203857
1 0.891667 0.769972 0.211111 0.212121
1 0.440278 0.183196 0.213889 0.234160
1 0.234722 0.201102 0.202778 0.214876
1 0.468056 0.811295 0.225000 0.184573
1 0.423611 0.068871 0.213889 0.137741
0 0.503549 0.504438 0.357099 0.402816
1 0.221429 0.040142 0.179365 0.080283
