1 0.373611 0.293388 0.191667 0.206612
1 0.065278 0.555096 0.130556 0.217631
1 0.763889 0.628099 0.200000 0.209366
1 0.097222 0.070248 0.194444 0.140496
1 0.934722 0.553719 0.125000 0.214876
1 0.794444 0.860882 0.211111 0.217631
1 0.244444 0.564738 0.205556 0.225895
1 0.129167 0.764463 0.213889 0.212121
1 0.608333 0.117080 0.216667 0.217631
1 0.361111 0.749311 0.227778 0.209366
1 0.176389 0.243802 0.230556 0.234160
1 0.694444 0.247934 0.211111 0.209366
1 0.880556 0.085399 0.205556 0.170799
1 0.766667 0.484848 0.188889 0.203857
2 0.061111 0.928375 0.122222 0.132231
0 0.490278 0.500000 0.330556 0.294766
