1 0.627778 0.714876 0.211111 0.206612
1 0.054167 0.475207 0.108333 0.234160
1 0.112500 0.223140 0.225000 0.236915
1 0.822222 0.793388 0.194444 0.236915
1 0.405556 0.750689 0.227778 0.245179
1 0.663889 0.088154 0.205556 0.176309
1 0.631944 0.907713 0.230556 0.179063
1 0.940278 0.495868 0.113889 0.247934
1 0.209722 0.066116 0.241667 0.132231
1 0.800000 0.061983 0.222222 0.123967
1 0.780556 0.574380 0.227778 0.245179
1 0.458333 0.238292 0.227778 0.228650
1 0.229167 0.447658 0.219444 0.201102
1 0.204167 0.644628 0.241667 0.220386
0 0.508333 0.500000 0.288889 0.272727
2 0.237500 0.303030 0.086111 0.088154
2 0.326389 0.555096 0.086111 0.090909
