0 0.634375 0.292708 0.362500 0.447917
1 0.382031 0.462500 0.157812 0.241667
1 0.203906 0.136458 0.160938 0.210417
1 0.056250 0.725000 0.112500 0.229167
1 0.621094 0.833333 0.148438 0.195833
1 0.207813 0.413542 0.200000 0.227083
1 0.917969 0.689583 0.160938 0.212500
1 0.142969 0.626042 0.176563 0.193750
1 0.232031 0.868750 0.182812 0.237500
1 0.930469 0.928125 0.135937 0.139583
1 0.415625 0.842708 0.156250 0.172917
1 0.935937 0.412500 0.125000 0.220833
1 0.051562 0.306250 0.103125 0.212500
2 0.775000 0.881250 0.059375 0.075000
1 0.697656 0.603125 0.164062 0.218750
1 0.719531 0.947917 0.176563 0.100000
1 0.481250 0.684375 0.175000 0.189583
1 0.036719 0.514583 0.073438 0.204167
1 0.090625 0.088542 0.181250 0.172917
