1 0.170833 0.114325 0.191667 0.201102
1 0.573611 0.108815 0.197222 0.201102
1 0.243056 0.287879 0.208333 0.206612
1 0.229167 0.907713 0.213889 0.179063
1 0.088889 0.308540 0.177778 0.214876
1 0.147222 0.721763 0.233333 0.220386
1 0.526389 0.931129 0.252778 0.132231
1 0.181944 0.502755 0.208333 0.217631
1 0.372222 0.064738 0.238889 0.129477
1 0.894444 0.465565 0.205556 0.214876
1 0.411111 0.798898 0.227778 0.203857
1 0.802778 0.640496 0.216667 0.217631
1 0.930556 0.187328 0.133333 0.225895
1 0.847222 0.126722 0.211111 0.225895
1 0.761111 0.847107 0.238889 0.201102
0 0.498920 0.496174 0.402160 0.419345
1 0.938690 0.914305 0.117063 0.165880
