1 0.244141 0.734375 0.261719 0.234375
1 0.111328 0.492188 0.222656 0.265625
1 0.304688 0.376953 0.242188 0.261719
1 0.123047 0.888672 0.238281 0.214844
1 0.152344 0.250000 0.250000 0.250000
1 0.341797 0.906250 0.253906 0.171875
1 0.642578 0.109375 0.222656 0.218750
1 0.798828 0.361328 0.261719 0.246094
1 0.859375 0.841797 0.265625 0.230469
1 0.062500 0.750000 0.125000 0.234375
1 0.824219 0.634766 0.210938 0.238281
0 0.501953 0.533203 0.277344 0.316406
1 0.556641 0.843750 0.261719 0.234375
1 0.251953 0.585938 0.261719 0.210938
1 0.642578 0.886719 0.214844 0.203125
1 0.822266 0.197266 0.277344 0.207031
1 0.447266 0.150391 0.253906 0.238281
1 0.884766 0.126953 0.214844 0.183594
1 0.466797 0.265625 0.246094 0.203125
1 0.617188 0.679688 0.250000 0.226562
1 0.929688 0.673828 0.132812 0.253906
1 0.127489 0.060547 0.179561 0.114982
