1 0.895833 0.881543 0.202778 0.209366
1 0.898611 0.468320 0.191667 0.209366
1 0.508333 0.129477 0.216667 0.253444
1 0.218056 0.471074 0.213889 0.220386
1 0.180556 0.774105 0.244444 0.192837
1 0.891667 0.225895 0.211111 0.242424
1 0.715278 0.767218 0.258333 0.234160
1 0.469444 0.851240 0.205556 0.209366
1 0.381944 0.059229 0.263889 0.112948
2 0.205556 0.323691 0.077778 0.090909
2 0.029167 0.407713 0.052778 0.099174
2 0.786111 0.129477 0.166667 0.176309
0 0.566667 0.498623 0.500000 0.451791
1 0.075309 0.929599 0.139506 0.135292
1 0.051984 0.553424 0.103968 0.181228
