1 0.339844 0.121094 0.242188 0.218750
1 0.251953 0.916016 0.246094 0.160156
1 0.830078 0.837891 0.261719 0.277344
1 0.478516 0.455078 0.253906 0.222656
1 0.087891 0.189453 0.175781 0.238281
1 0.773438 0.375000 0.265625 0.234375
1 0.283203 0.513672 0.183594 0.269531
1 0.113281 0.533203 0.226562 0.261719
1 0.716797 0.150391 0.222656 0.230469
1 0.847656 0.171875 0.210938 0.250000
1 0.183594 0.359375 0.226562 0.234375
1 0.576172 0.126953 0.253906 0.246094
1 0.628906 0.371094 0.210938 0.226562
0 0.533203 0.716797 0.355469 0.386719
