1 0.750000 0.068871 0.216667 0.137741
1 0.090278 0.736915 0.175000 0.190083
1 0.929167 0.143251 0.136111 0.236915
1 0.191667 0.533058 0.238889 0.250689
1 0.644444 0.884298 0.250000 0.225895
1 0.937500 0.837466 0.119444 0.264463
1 0.727778 0.279614 0.205556 0.212121
1 0.118056 0.176309 0.236111 0.280992
1 0.305556 0.767218 0.211111 0.212121
1 0.430556 0.867769 0.211111 0.220386
1 0.802778 0.535813 0.233333 0.283747
0 0.504167 0.498623 0.347222 0.336088
2 0.143056 0.951791 0.119444 0.090909
2 0.156944 0.381543 0.108333 0.101928
2 0.040278 0.355372 0.075000 0.110193
