0 0.385937 0.643750 0.203125 0.270833
1 0.575000 0.776042 0.178125 0.222917
1 0.553125 0.465625 0.187500 0.214583
1 0.759375 0.715625 0.187500 0.210417
1 0.924219 0.106250 0.148438 0.212500
1 0.223438 0.539583 0.150000 0.225000
1 0.318750 0.253125 0.162500 0.218750
1 0.709375 0.914583 0.181250 0.166667
1 0.349219 0.905208 0.167187 0.185417
1 0.230469 0.754167 0.154688 0.225000
2 0.024219 0.100000 0.045312 0.083333
1 0.042969 0.351042 0.085938 0.218750
1 0.492188 0.214583 0.146875 0.212500
1 0.923438 0.352083 0.150000 0.237500
1 0.612500 0.277083 0.178125 0.212500
1 0.104688 0.696875 0.134375 0.193750
1 0.080469 0.947917 0.157812 0.100000
1 0.737500 0.126042 0.190625 0.193750
1 0.796094 0.502083 0.176563 0.212500
1 0.746094 0.405208 0.145313 0.156250
1 0.564063 0.072917 0.165625 0.141667
1 0.264844 0.406250 0.142187 0.166667
1 0.059375 0.548958 0.118750 0.181250
