1 0.629167 0.849862 0.186111 0.190083
1 0.111111 0.939394 0.222222 0.115702
1 0.312500 0.892562 0.202778 0.209366
1 0.080556 0.300275 0.161111 0.214876
1 0.809722 0.907713 0.208333 0.179063
1 0.200000 0.092287 0.205556 0.184573
1 0.248611 0.205234 0.208333 0.195592
1 0.281944 0.774105 0.208333 0.198347
1 0.843056 0.345730 0.219444 0.212121
1 0.127778 0.623967 0.205556 0.234160
1 0.683333 0.052342 0.216667 0.104683
1 0.556944 0.950413 0.213889 0.093664
1 0.933333 0.497245 0.127778 0.206612
1 0.479167 0.078512 0.202778 0.157025
1 0.175000 0.488981 0.216667 0.201102
1 0.804167 0.630854 0.197222 0.214876
1 0.393056 0.053719 0.197222 0.107438
1 0.722222 0.690083 0.177778 0.195592
0 0.500000 0.498776 0.422840 0.665136
