1 0.355556 0.276860 0.222222 0.190083
1 0.068056 0.454545 0.130556 0.236915
1 0.080556 0.907713 0.155556 0.179063
1 0.790278 0.920110 0.252778 0.154270
1 0.102778 0.695592 0.200000 0.201102
1 0.091667 0.206612 0.177778 0.236915
1 0.273611 0.099174 0.241667 0.192837
1 0.904167 0.575758 0.186111 0.253444
1 0.244444 0.531680 0.200000 0.297521
1 0.730556 0.741047 0.205556 0.220386
1 0.804167 0.278237 0.241667 0.258953
1 0.476389 0.797521 0.247222 0.195592
1 0.501389 0.196970 0.213889 0.234160
2 0.768056 0.566116 0.086111 0.079890
0 0.531790 0.514998 0.374691 0.380471
