1 0.929167 0.230028 0.136111 0.256198
1 0.130556 0.528926 0.205556 0.286501
1 0.193056 0.256198 0.252778 0.258953
1 0.061111 0.739669 0.116667 0.234160
1 0.815278 0.903581 0.241667 0.187328
1 0.845833 0.444904 0.213889 0.239669
1 0.256944 0.720386 0.241667 0.256198
1 0.668056 0.110193 0.225000 0.214876
1 0.879167 0.676309 0.236111 0.239669
1 0.141667 0.917355 0.266667 0.159780
1 0.594444 0.199725 0.250000 0.190083
2 0.734722 0.358127 0.080556 0.099174
2 0.698611 0.710744 0.091667 0.082645
2 0.630556 0.975207 0.088889 0.044077
1 0.272222 0.940771 0.216667 0.112948
1 0.465278 0.858127 0.302778 0.261708
0 0.516667 0.505510 0.433333 0.410468
0 0.382716 0.066881 0.330247 0.123967
