0 0.305469 0.220833 0.404687 0.437500
1 0.793750 0.298958 0.175000 0.218750
1 0.952344 0.687500 0.092188 0.237500
1 0.600000 0.937500 0.171875 0.120833
1 0.718750 0.886458 0.168750 0.218750
1 0.050000 0.219792 0.096875 0.218750
1 0.365625 0.685417 0.162500 0.216667
1 0.718750 0.626042 0.190625 0.239583
1 0.046094 0.857292 0.089063 0.181250
1 0.532813 0.057292 0.168750 0.110417
1 0.129688 0.936458 0.153125 0.122917
1 0.300000 0.902083 0.150000 0.179167
1 0.092188 0.657292 0.175000 0.214583
1 0.571875 0.248958 0.184375 0.231250
1 0.446094 0.800000 0.185938 0.216667
2 0.081250 0.513542 0.056250 0.064583
1 0.686719 0.097917 0.154688 0.191667
2 0.959375 0.850000 0.062500 0.083333
1 0.037500 0.456250 0.075000 0.195833
1 0.462500 0.538542 0.175000 0.239583
1 0.936719 0.333333 0.123438 0.237500
1 0.628125 0.420833 0.146875 0.200000
1 0.259375 0.810417 0.150000 0.200000
1 0.856250 0.101042 0.203125 0.189583
1 0.581250 0.571875 0.106250 0.202083
1 0.180469 0.525000 0.126562 0.191667
1 0.149219 0.397917 0.154688 0.162500
