1 0.804688 0.388672 0.210938 0.246094
1 0.841797 0.722656 0.214844 0.250000
1 0.902344 0.244141 0.187500 0.246094
1 0.343750 0.111328 0.265625 0.214844
1 0.730469 0.919922 0.257812 0.152344
1 0.201172 0.294922 0.222656 0.246094
1 0.062500 0.191406 0.125000 0.234375
1 0.136719 0.511719 0.210938 0.234375
1 0.072266 0.718750 0.144531 0.265625
1 0.910156 0.875000 0.164062 0.234375
1 0.785156 0.154297 0.218750 0.207031
1 0.080078 0.906250 0.160156 0.171875
1 0.486328 0.152344 0.230469 0.250000
1 0.205078 0.419922 0.199219 0.214844
1 0.705078 0.072266 0.277344 0.144531
1 0.136719 0.935547 0.250000 0.121094
1 0.498047 0.919922 0.261719 0.152344
1 0.419922 0.265625 0.261719 0.187500
1 0.916016 0.501953 0.160156 0.308594
1 0.156250 0.734375 0.125000 0.250000
0 0.511719 0.623047 0.398438 0.410156
