1 0.088696 0.125217 0.173913 0.250435
1 0.073913 0.891304 0.147826 0.213913
1 0.113043 0.712174 0.226087 0.238261
1 0.853043 0.400870 0.241739 0.262609
1 0.915652 0.792174 0.165217 0.280000
1 0.131304 0.406957 0.262609 0.264348
1 0.729565 0.722609 0.227826 0.286957
1 0.337391 0.068696 0.278261 0.133913
1 0.502609 0.805217 0.260870 0.240000
1 0.797391 0.172174 0.238261 0.226087
1 0.391304 0.243478 0.257391 0.236522
1 0.660870 0.253913 0.295652 0.309565
1 0.246957 0.660870 0.236522 0.278261
0 0.503478 0.488696 0.488696 0.455652
