1 0.654297 0.623047 0.246094 0.230469
1 0.138672 0.531250 0.246094 0.250000
1 0.775391 0.796875 0.253906 0.187500
1 0.248047 0.843750 0.261719 0.234375
1 0.312500 0.150391 0.250000 0.207031
1 0.873047 0.921875 0.246094 0.140625
1 0.517578 0.107422 0.238281 0.214844
1 0.812500 0.171875 0.250000 0.218750
1 0.074219 0.906250 0.148438 0.171875
1 0.875000 0.605469 0.234375 0.250000
1 0.685547 0.503906 0.246094 0.187500
1 0.906250 0.359375 0.171875 0.218750
1 0.173828 0.718750 0.238281 0.203125
1 0.828125 0.072266 0.218750 0.144531
1 0.123047 0.156250 0.246094 0.234375
1 0.580078 0.201172 0.214844 0.175781
1 0.064453 0.214844 0.128906 0.234375
1 0.429688 0.671875 0.250000 0.234375
1 0.791016 0.361328 0.183594 0.222656
0 0.392578 0.382812 0.316406 0.320312
1 0.468750 0.748047 0.234375 0.191406
