1 0.912500 0.183196 0.169444 0.223140
1 0.197222 0.089532 0.222222 0.179063
1 0.602778 0.932507 0.222222 0.129477
1 0.097222 0.746556 0.194444 0.242424
1 0.690278 0.747934 0.230556 0.228650
1 0.605556 0.111570 0.222222 0.223140
1 0.244444 0.906336 0.233333 0.181818
1 0.398611 0.170799 0.202778 0.242424
1 0.890278 0.840220 0.213889 0.214876
1 0.870833 0.614325 0.230556 0.214876
1 0.209722 0.407713 0.241667 0.242424
1 0.772222 0.398072 0.216667 0.212121
1 0.465278 0.750689 0.197222 0.256198
1 0.312500 0.688705 0.213889 0.220386
0 0.504630 0.499235 0.401235 0.272421
