1 0.443056 0.900826 0.213889 0.187328
1 0.722222 0.194215 0.216667 0.267218
1 0.218056 0.852617 0.236111 0.223140
1 0.654167 0.909091 0.169444 0.176309
1 0.219444 0.600551 0.216667 0.242424
1 0.922222 0.198347 0.150000 0.253444
1 0.079167 0.486226 0.158333 0.223140
1 0.756944 0.651515 0.180556 0.239669
1 0.866667 0.606061 0.238889 0.220386
1 0.090278 0.100551 0.180556 0.201102
1 0.922222 0.081267 0.150000 0.162534
1 0.873611 0.876033 0.247222 0.214876
0 0.506944 0.499541 0.347222 0.361800
1 0.620833 0.800275 0.158333 0.173554
1 0.881944 0.929752 0.230556 0.134986
1 0.132253 0.520814 0.164506 0.232323
