1 0.712500 0.213499 0.208333 0.201102
1 0.891667 0.059229 0.211111 0.112948
1 0.204167 0.108815 0.202778 0.206612
1 0.106944 0.699725 0.202778 0.203857
1 0.683333 0.743802 0.200000 0.209366
1 0.805556 0.571625 0.188889 0.212121
1 0.711111 0.920110 0.244444 0.154270
1 0.879167 0.787879 0.213889 0.236915
1 0.222222 0.853994 0.205556 0.203857
1 0.880556 0.393939 0.200000 0.231405
1 0.291667 0.267218 0.205556 0.181818
1 0.945833 0.247934 0.102778 0.214876
1 0.429167 0.811295 0.247222 0.228650
1 0.516667 0.150138 0.211111 0.223140
1 0.158333 0.433884 0.211111 0.201102
1 0.566667 0.924242 0.200000 0.146006
1 0.098611 0.356749 0.191667 0.184573
2 0.755556 0.428375 0.072222 0.074380
0 0.504167 0.498623 0.441667 0.435262
