1 0.259375 0.829167 0.162500 0.208333
1 0.259375 0.392708 0.171875 0.206250
1 0.200000 0.194792 0.165625 0.202083
1 0.081250 0.655208 0.159375 0.218750
1 0.737500 0.363542 0.178125 0.227083
0 0.550000 0.531250 0.334375 0.408333
1 0.552344 0.078125 0.164062 0.156250
1 0.454688 0.241667 0.187500 0.266667
1 0.909375 0.662500 0.175000 0.237500
1 0.274219 0.634375 0.195312 0.218750
1 0.703125 0.921875 0.196875 0.152083
1 0.886719 0.273958 0.145313 0.256250
1 0.961719 0.792708 0.073438 0.231250
1 0.834375 0.056250 0.178125 0.112500
2 0.084375 0.937500 0.125000 0.120833
1 0.092188 0.106250 0.181250 0.200000
1 0.875000 0.932292 0.212500 0.131250
2 0.125000 0.427083 0.059375 0.087500
