1 0.912500 0.121212 0.169444 0.242424
1 0.051389 0.533058 0.102778 0.228650
1 0.091667 0.873278 0.183333 0.247934
1 0.931944 0.867769 0.130556 0.258953
1 0.822222 0.564738 0.222222 0.231405
1 0.175000 0.451791 0.227778 0.242424
1 0.451389 0.942149 0.225000 0.110193
1 0.272222 0.305785 0.211111 0.220386
1 0.725000 0.815427 0.238889 0.242424
1 0.930556 0.391185 0.133333 0.247934
1 0.595833 0.811295 0.180556 0.206612
2 0.809722 0.385675 0.102778 0.115702
1 0.340278 0.769972 0.302778 0.261708
0 0.500000 0.516529 0.383333 0.410468
0 0.504167 0.457300 0.375000 0.286501
