0 0.475000 0.696875 0.312500 0.481250
1 0.121875 0.313542 0.165625 0.218750
1 0.912500 0.108333 0.150000 0.200000
1 0.923438 0.354167 0.150000 0.254167
1 0.739844 0.882292 0.185938 0.227083
1 0.600000 0.427083 0.153125 0.200000
1 0.778125 0.264583 0.187500 0.225000
1 0.728125 0.625000 0.187500 0.183333
1 0.065625 0.654167 0.131250 0.245833
1 0.156250 0.605208 0.156250 0.193750
1 0.612500 0.065625 0.159375 0.131250
1 0.493750 0.257292 0.143750 0.181250
0 0.283594 0.887500 0.242188 0.212500
1 0.278125 0.079167 0.156250 0.154167
1 0.456250 0.366667 0.162500 0.195833
1 0.675000 0.438542 0.140625 0.172917
1 0.367188 0.131250 0.162500 0.208333
1 0.287500 0.309375 0.140625 0.210417
1 0.573529 0.251401 0.149685 0.229342
1 0.350972 0.460609 0.137868 0.150560
1 0.254464 0.582283 0.120798 0.190826
