1 0.100000 0.110435 0.200000 0.213913
1 0.946087 0.168696 0.104348 0.208696
1 0.631304 0.091304 0.264348 0.182609
1 0.110435 0.740870 0.217391 0.236522
1 0.913043 0.474783 0.170435 0.215652
1 0.766957 0.943478 0.240000 0.109565
1 0.336522 0.760870 0.224348 0.245217
1 0.783478 0.246957 0.217391 0.226087
1 0.153913 0.231304 0.241739 0.250435
1 0.338261 0.931304 0.224348 0.133913
1 0.522609 0.871304 0.213913 0.201739
1 0.401739 0.274783 0.240000 0.246957
0 0.604348 0.458261 0.520000 0.478261
1 0.325217 0.356522 0.201739 0.194783
2 0.094783 0.925217 0.109565 0.080000
