1 0.940278 0.363636 0.113889 0.220386
1 0.072222 0.898072 0.144444 0.198347
1 0.890278 0.059229 0.213889 0.112948
1 0.920833 0.606061 0.152778 0.253444
1 0.102778 0.066116 0.200000 0.126722
1 0.919444 0.931129 0.155556 0.132231
1 0.766667 0.304408 0.250000 0.267218
1 0.493056 0.917355 0.263889 0.159780
1 0.129167 0.283747 0.258333 0.236915
1 0.245833 0.944904 0.241667 0.104683
1 0.593056 0.075758 0.247222 0.146006
1 0.477778 0.257576 0.283333 0.245179
1 0.169444 0.622590 0.238889 0.231405
1 0.234722 0.487603 0.225000 0.242424
0 0.500000 0.560759 0.376543 0.382002
