1 0.480556 0.070248 0.222222 0.140496
1 0.223611 0.900826 0.208333 0.192837
1 0.193056 0.396694 0.202778 0.214876
1 0.790278 0.578512 0.186111 0.225895
1 0.061111 0.874656 0.122222 0.217631
1 0.913889 0.761708 0.166667 0.195592
1 0.937500 0.549587 0.119444 0.223140
1 0.138889 0.643251 0.222222 0.201102
1 0.262500 0.108815 0.213889 0.212121
1 0.836111 0.296143 0.200000 0.228650
1 0.879167 0.082645 0.180556 0.165289
1 0.686111 0.130854 0.216667 0.223140
1 0.090278 0.443526 0.175000 0.203857
1 0.652778 0.884298 0.222222 0.203857
1 0.911111 0.220386 0.172222 0.236915
1 0.600000 0.801653 0.194444 0.203857
1 0.390278 0.818182 0.191667 0.198347
2 0.793056 0.961433 0.069444 0.071625
1 0.352778 0.719008 0.222222 0.187328
0 0.503395 0.498776 0.400617 0.375574
