1 0.525391 0.330078 0.230469 0.230469
1 0.685547 0.117188 0.277344 0.226562
1 0.462891 0.173828 0.292969 0.246094
1 0.779297 0.259766 0.277344 0.261719
1 0.087891 0.529297 0.175781 0.253906
1 0.103516 0.220703 0.207031 0.238281
1 0.173828 0.113281 0.253906 0.226562
1 0.292969 0.294922 0.250000 0.246094
1 0.078125 0.775391 0.156250 0.253906
1 0.779297 0.531250 0.277344 0.312500
1 0.167969 0.785156 0.218750 0.250000
1 0.812500 0.853516 0.265625 0.269531
1 0.648438 0.470703 0.234375 0.246094
0 0.554688 0.746094 0.390625 0.398438
1 0.082031 0.404297 0.164062 0.214844
1 0.330078 0.417969 0.253906 0.195312
1 0.306641 0.593750 0.339844 0.312500
1 0.705078 0.931641 0.261719 0.128906
