1 0.081944 0.491736 0.163889 0.190083
1 0.098611 0.213499 0.191667 0.234160
1 0.662500 0.763085 0.219444 0.181818
1 0.691667 0.914601 0.238889 0.165289
1 0.069444 0.903581 0.138889 0.187328
1 0.879167 0.166667 0.208333 0.190083
1 0.655556 0.143251 0.227778 0.253444
1 0.844444 0.381543 0.222222 0.228650
1 0.366667 0.830579 0.216667 0.223140
1 0.265278 0.092287 0.280556 0.179063
1 0.854167 0.612948 0.241667 0.239669
1 0.890278 0.827824 0.213889 0.206612
1 0.116667 0.692837 0.233333 0.223140
1 0.175000 0.414601 0.216667 0.245179
0 0.501389 0.498623 0.425000 0.446281
