1 0.204167 0.377410 0.197222 0.192837
1 0.087500 0.112948 0.169444 0.203857
1 0.902778 0.106061 0.188889 0.179063
1 0.211111 0.676309 0.205556 0.212121
1 0.080556 0.522039 0.155556 0.234160
1 0.930556 0.720386 0.133333 0.201102
1 0.130556 0.877410 0.222222 0.201102
1 0.931944 0.407713 0.130556 0.209366
1 0.766667 0.669421 0.188889 0.198347
1 0.791667 0.297521 0.216667 0.225895
1 0.516667 0.944904 0.216667 0.104683
1 0.715278 0.884298 0.225000 0.209366
1 0.398611 0.213499 0.230556 0.212121
1 0.398611 0.814050 0.219444 0.195592
1 0.690278 0.068871 0.191667 0.137741
1 0.795833 0.528926 0.141667 0.203857
1 0.580556 0.052342 0.177778 0.104683
2 0.423611 0.079890 0.108333 0.104683
2 0.255556 0.249311 0.077778 0.074380
0 0.504167 0.522039 0.452778 0.438017
