1 0.368696 0.881739 0.222609 0.233043
1 0.915652 0.156522 0.165217 0.212174
1 0.267826 0.077391 0.236522 0.154783
1 0.920000 0.638261 0.156522 0.229565
1 0.091304 0.809565 0.182609 0.231304
1 0.797391 0.553913 0.206957 0.262609
1 0.613043 0.753043 0.266087 0.243478
1 0.262609 0.344348 0.229565 0.222609
1 0.170435 0.951304 0.236522 0.093913
1 0.126957 0.506957 0.236522 0.255652
1 0.787826 0.901739 0.229565 0.193043
1 0.060870 0.289565 0.118261 0.252174
0 0.506957 0.500870 0.349565 0.351304
1 0.666957 0.943478 0.273043 0.109565
