1 0.291667 0.743802 0.183333 0.176309
1 0.930556 0.622590 0.133333 0.220386
1 0.150000 0.457300 0.216667 0.225895
1 0.872222 0.111570 0.194444 0.206612
1 0.265278 0.045455 0.225000 0.090909
1 0.868056 0.365014 0.202778 0.289256
1 0.530556 0.763085 0.277778 0.220386
1 0.086111 0.939394 0.172222 0.115702
0 0.502778 0.527548 0.283333 0.228650
1 0.597531 0.319253 0.161111 0.203245
2 0.418056 0.662534 0.091667 0.096419
1 0.455864 0.087389 0.239506 0.174778
1 0.733333 0.592287 0.244444 0.286501
2 0.781944 0.673554 0.080556 0.085399
2 0.462500 0.911846 0.086111 0.110193
1 0.141204 0.867616 0.199074 0.204163
1 0.086111 0.764463 0.166667 0.212121
2 0.209722 0.665289 0.058333 0.074380
1 0.685957 0.325375 0.169444 0.209366
2 0.523148 0.104377 0.067901 0.067340
