1 0.869141 0.078125 0.253906 0.156250
1 0.867188 0.607422 0.242188 0.222656
1 0.875000 0.826172 0.234375 0.214844
1 0.248047 0.564453 0.214844 0.238281
1 0.275391 0.751953 0.191406 0.222656
1 0.119141 0.312500 0.199219 0.203125
1 0.728516 0.806641 0.238281 0.222656
1 0.482422 0.843750 0.238281 0.171875
1 0.107422 0.835938 0.214844 0.234375
1 0.125000 0.121094 0.218750 0.210938
1 0.626953 0.189453 0.230469 0.246094
1 0.109375 0.638672 0.218750 0.214844
1 0.277344 0.109375 0.226562 0.187500
1 0.478516 0.183594 0.238281 0.226562
1 0.830078 0.404297 0.214844 0.222656
0 0.552734 0.515625 0.449219 0.460938
1 0.916016 0.341797 0.160156 0.222656
1 0.099137 0.937090 0.189012 0.116557
