1 0.831944 0.293388 0.202778 0.168044
1 0.895833 0.720386 0.202778 0.184573
1 0.704167 0.819559 0.230556 0.234160
1 0.856944 0.100551 0.219444 0.201102
1 0.111111 0.075758 0.216667 0.151515
1 0.888889 0.511019 0.200000 0.223140
1 0.945833 0.566116 0.102778 0.206612
1 0.479167 0.820937 0.180556 0.181818
1 0.188889 0.658402 0.205556 0.231405
1 0.277778 0.933884 0.216667 0.126722
1 0.484722 0.918733 0.219444 0.157025
1 0.211111 0.535813 0.200000 0.201102
1 0.256944 0.150138 0.213889 0.228650
1 0.337500 0.108815 0.213889 0.201102
1 0.136111 0.327824 0.272222 0.242424
0 0.504167 0.509642 0.363889 0.396694
1 0.098611 0.325069 0.197222 0.231405
1 0.531746 0.047422 0.179365 0.091303
