1 0.057391 0.743478 0.114783 0.273043
1 0.194783 0.582609 0.222609 0.281739
1 0.573913 0.070435 0.267826 0.137391
1 0.268696 0.226957 0.259130 0.217391
1 0.360870 0.808696 0.304348 0.222609
1 0.721739 0.097391 0.233043 0.191304
1 0.075652 0.274783 0.151304 0.208696
1 0.929565 0.686087 0.137391 0.252174
1 0.921739 0.113043 0.153043 0.212174
1 0.851304 0.769565 0.238261 0.224348
0 0.528696 0.501739 0.507826 0.506087
1 0.056522 0.900870 0.109565 0.194783
1 0.897391 0.255652 0.201739 0.226087
1 0.074783 0.388696 0.146087 0.193043
