1 0.339844 0.087891 0.250000 0.175781
1 0.205078 0.720703 0.261719 0.277344
1 0.203125 0.498047 0.250000 0.246094
1 0.117188 0.339844 0.234375 0.281250
1 0.166016 0.916016 0.207031 0.160156
1 0.730469 0.718750 0.250000 0.281250
1 0.191406 0.160156 0.250000 0.304688
1 0.421875 0.654297 0.250000 0.277344
1 0.781250 0.910156 0.234375 0.164062
1 0.500000 0.847656 0.234375 0.234375
1 0.345703 0.917969 0.246094 0.156250
1 0.650391 0.501953 0.261719 0.261719
0 0.763672 0.218750 0.378906 0.343750
1 0.888672 0.468750 0.207031 0.265625
1 0.554688 0.062500 0.250000 0.125000
