0 0.546875 0.509375 0.350000 0.460417
1 0.917969 0.520833 0.160938 0.208333
1 0.383594 0.720833 0.151562 0.200000
1 0.868750 0.903125 0.159375 0.189583
1 0.309375 0.321875 0.190625 0.218750
1 0.590625 0.157292 0.193750 0.218750
1 0.525000 0.816667 0.146875 0.200000
1 0.158594 0.654167 0.192188 0.241667
1 0.924219 0.740625 0.148438 0.206250
1 0.076563 0.940625 0.150000 0.114583
1 0.629687 0.918750 0.162500 0.158333
1 0.821875 0.338542 0.190625 0.218750
1 0.242969 0.866667 0.170313 0.262500
1 0.146094 0.450000 0.182812 0.262500
1 0.128125 0.108333 0.171875 0.212500
1 0.771875 0.114583 0.171875 0.225000
1 0.142969 0.205208 0.160938 0.189583
1 0.440625 0.069792 0.193750 0.135417
1 0.889844 0.131250 0.154688 0.216667
1 0.930469 0.100000 0.135937 0.200000
1 0.710938 0.722917 0.131250 0.250000
1 0.787500 0.730208 0.125000 0.193750
