1 0.850000 0.283747 0.200000 0.209366
1 0.073611 0.192837 0.141667 0.209366
1 0.090278 0.867769 0.175000 0.236915
1 0.831944 0.606061 0.202778 0.231405
1 0.429167 0.851240 0.236111 0.236915
1 0.186111 0.636364 0.244444 0.236915
1 0.895833 0.066116 0.202778 0.132231
1 0.475000 0.059229 0.216667 0.112948
1 0.723611 0.756198 0.241667 0.261708
1 0.150000 0.936639 0.244444 0.121212
1 0.208333 0.381543 0.200000 0.234160
2 0.902778 0.887052 0.188889 0.187328
2 0.968056 0.206612 0.058333 0.066116
1 0.175000 0.267218 0.233333 0.209366
1 0.693056 0.190083 0.241667 0.187328
0 0.504167 0.505510 0.391667 0.449036
1 0.665278 0.092287 0.186111 0.134986
