0 0.549219 0.217708 0.373437 0.418750
1 0.637500 0.516667 0.162500 0.212500
1 0.443750 0.838542 0.153125 0.206250
1 0.076563 0.069792 0.146875 0.135417
1 0.353125 0.334375 0.150000 0.181250
1 0.762500 0.673958 0.175000 0.206250
1 0.362500 0.672917 0.150000 0.187500
1 0.610938 0.776042 0.190625 0.252083
1 0.281250 0.500000 0.175000 0.200000
1 0.081250 0.260417 0.162500 0.229167
1 0.127344 0.629167 0.192188 0.225000
1 0.058594 0.440625 0.114062 0.227083
1 0.893750 0.247917 0.178125 0.216667
1 0.203125 0.743750 0.171875 0.204167
1 0.309375 0.135417 0.187500 0.241667
1 0.743750 0.327083 0.156250 0.212500
1 0.298438 0.916667 0.168750 0.162500
1 0.871875 0.901042 0.168750 0.193750
1 0.903125 0.067708 0.178125 0.131250
1 0.131250 0.915625 0.118750 0.164583
1 0.914844 0.784375 0.154688 0.193750
2 0.028125 0.967708 0.050000 0.060417
1 0.830469 0.483333 0.182812 0.225000
1 0.762500 0.931250 0.196875 0.133333
