1 0.909722 0.286501 0.175000 0.220386
1 0.926389 0.538567 0.141667 0.217631
1 0.831944 0.798898 0.208333 0.203857
1 0.336111 0.191460 0.188889 0.195592
1 0.762500 0.601928 0.197222 0.212121
1 0.933333 0.086777 0.127778 0.173554
1 0.497222 0.928375 0.222222 0.137741
1 0.613889 0.780992 0.205556 0.217631
1 0.225000 0.629477 0.188889 0.239669
1 0.120833 0.841598 0.213889 0.212121
1 0.386111 0.893939 0.205556 0.195592
1 0.709722 0.276860 0.208333 0.217631
1 0.130556 0.207989 0.211111 0.217631
1 0.129167 0.539945 0.213889 0.225895
0 0.502469 0.512703 0.420988 0.419957
1 0.107143 0.045061 0.196825 0.083432
1 0.348413 0.039551 0.225397 0.078709
1 0.942063 0.920602 0.106349 0.153286
