1 0.373043 0.915652 0.200000 0.165217
1 0.816522 0.676522 0.238261 0.240000
1 0.760870 0.093043 0.248696 0.186087
1 0.103478 0.835652 0.203478 0.231304
1 0.102609 0.148696 0.201739 0.245217
1 0.575652 0.920000 0.205217 0.156522
1 0.783478 0.895652 0.213913 0.205217
1 0.925217 0.875652 0.146087 0.210435
1 0.270435 0.060000 0.238261 0.120000
1 0.792174 0.310435 0.252174 0.252174
1 0.151304 0.613043 0.201739 0.248696
1 0.642609 0.273913 0.210435 0.210435
1 0.100000 0.495652 0.200000 0.236522
1 0.164348 0.366957 0.213913 0.187826
0 0.466957 0.531304 0.481739 0.467826
1 0.271304 0.286957 0.191304 0.198261
