1 0.930556 0.466942 0.133333 0.239669
1 0.300000 0.804408 0.188889 0.220386
1 0.108333 0.093664 0.216667 0.187328
1 0.744444 0.914601 0.216667 0.165289
1 0.094444 0.807163 0.188889 0.253444
1 0.900000 0.234160 0.194444 0.231405
1 0.338889 0.190083 0.222222 0.247934
1 0.836111 0.078512 0.255556 0.157025
1 0.126389 0.331956 0.252778 0.256198
1 0.236111 0.559229 0.183333 0.198347
1 0.872222 0.717631 0.183333 0.278237
1 0.758333 0.661157 0.205556 0.225895
1 0.448611 0.938017 0.247222 0.118457
1 0.375000 0.712121 0.194444 0.217631
0 0.498765 0.500612 0.496296 0.398225
