1 0.405556 0.099174 0.216667 0.192837
1 0.181944 0.071625 0.225000 0.143251
1 0.702778 0.206612 0.200000 0.214876
1 0.229167 0.253444 0.225000 0.209366
1 0.484722 0.823691 0.219444 0.181818
1 0.179167 0.486226 0.186111 0.228650
1 0.268056 0.717631 0.208333 0.212121
1 0.780556 0.690083 0.233333 0.239669
1 0.904167 0.155647 0.186111 0.234160
1 0.816667 0.404959 0.188889 0.220386
1 0.833333 0.898072 0.216667 0.198347
1 0.455556 0.944904 0.233333 0.104683
1 0.156944 0.629477 0.191667 0.190083
1 0.241667 0.913223 0.205556 0.168044
1 0.866667 0.760331 0.216667 0.203857
0 0.504167 0.501377 0.469444 0.457300
