0 0.450000 0.358333 0.381250 0.425000
1 0.692187 0.115625 0.162500 0.222917
1 0.271875 0.859375 0.146875 0.202083
1 0.908594 0.854167 0.173437 0.216667
1 0.756250 0.812500 0.178125 0.220833
1 0.421875 0.905208 0.181250 0.181250
1 0.575000 0.705208 0.187500 0.231250
1 0.048438 0.163542 0.093750 0.239583
1 0.150000 0.305208 0.159375 0.206250
1 0.939063 0.589583 0.118750 0.229167
1 0.656250 0.543750 0.178125 0.275000
1 0.825000 0.510417 0.178125 0.220833
2 0.714844 0.334375 0.076563 0.102083
1 0.171875 0.705208 0.168750 0.206250
1 0.140625 0.050000 0.178125 0.100000
1 0.374219 0.084375 0.179688 0.168750
2 0.209375 0.471875 0.062500 0.077083
1 0.671875 0.946875 0.171875 0.102083
1 0.403125 0.678125 0.165625 0.206250
2 0.831250 0.352083 0.056250 0.075000
1 0.259375 0.168750 0.168750 0.212500
2 0.209375 0.404167 0.059375 0.070833
1 0.553125 0.087500 0.140625 0.175000
1 0.068750 0.940625 0.137500 0.114583
1 0.039062 0.892708 0.078125 0.206250
1 0.958594 0.436458 0.079687 0.193750
1 0.292969 0.653125 0.120313 0.177083
1 0.093750 0.488542 0.131250 0.206250
1 0.040625 0.654167 0.078125 0.220833
