1 0.066667 0.774105 0.127778 0.253444
1 0.677778 0.112948 0.233333 0.225895
1 0.280556 0.746556 0.250000 0.253444
1 0.106944 0.173554 0.213889 0.236915
1 0.812500 0.575758 0.208333 0.209366
1 0.943056 0.706612 0.108333 0.217631
1 0.769444 0.323691 0.238889 0.223140
1 0.626389 0.896694 0.225000 0.201102
1 0.190278 0.414601 0.225000 0.256198
1 0.863889 0.860882 0.227778 0.184573
2 0.133333 0.579890 0.088889 0.074380
2 0.804167 0.725895 0.069444 0.079890
2 0.956944 0.505510 0.063889 0.068871
0 0.505556 0.498623 0.388889 0.385675
