1 0.079167 0.293388 0.158333 0.239669
1 0.218056 0.183196 0.180556 0.234160
1 0.104167 0.685950 0.208333 0.220386
1 0.941667 0.301653 0.111111 0.228650
1 0.129167 0.903581 0.230556 0.187328
1 0.379167 0.940771 0.275000 0.112948
1 0.616667 0.196970 0.227778 0.223140
1 0.755556 0.931129 0.216667 0.132231
1 0.395833 0.082645 0.208333 0.159780
1 0.326389 0.774105 0.252778 0.220386
1 0.162500 0.471074 0.258333 0.242424
1 0.826389 0.106061 0.225000 0.206612
1 0.411111 0.185950 0.194444 0.201102
0 0.504167 0.498623 0.413889 0.391185
