1 0.372222 0.910468 0.194444 0.173554
1 0.087500 0.165289 0.175000 0.176309
1 0.820833 0.325069 0.208333 0.203857
1 0.906944 0.075758 0.180556 0.151515
1 0.147222 0.512397 0.211111 0.198347
1 0.291667 0.177686 0.216667 0.195592
1 0.920833 0.785124 0.152778 0.198347
1 0.948611 0.384298 0.097222 0.223140
1 0.687500 0.203857 0.186111 0.187328
1 0.177778 0.825069 0.188889 0.228650
1 0.154167 0.362259 0.202778 0.206612
1 0.648611 0.947658 0.180556 0.099174
1 0.054167 0.910468 0.108333 0.173554
1 0.391667 0.798898 0.216667 0.181818
1 0.519444 0.126722 0.233333 0.203857
1 0.827778 0.526171 0.211111 0.214876
1 0.180556 0.703857 0.233333 0.151515
0 0.497068 0.497704 0.434877 0.434650
