1 0.503906 0.906250 0.234375 0.171875
1 0.710938 0.265625 0.234375 0.234375
1 0.859375 0.609375 0.234375 0.234375
1 0.185547 0.082031 0.261719 0.164062
1 0.099609 0.921875 0.199219 0.140625
1 0.900391 0.447266 0.191406 0.230469
1 0.876953 0.884766 0.214844 0.222656
1 0.812500 0.408203 0.203125 0.230469
1 0.902344 0.093750 0.187500 0.187500
1 0.623047 0.460938 0.214844 0.203125
1 0.544922 0.140625 0.183594 0.195312
1 0.482422 0.609375 0.253906 0.234375
1 0.482422 0.082031 0.183594 0.164062
1 0.628906 0.578125 0.226562 0.234375
1 0.730469 0.089844 0.218750 0.171875
1 0.074219 0.435547 0.148438 0.277344
1 0.681641 0.781250 0.214844 0.203125
1 0.750000 0.841797 0.265625 0.261719
0 0.224609 0.693359 0.339844 0.324219
0 0.335938 0.363281 0.359375 0.351562
