1 0.911111 0.289256 0.172222 0.220386
1 0.076389 0.473829 0.152778 0.209366
1 0.145833 0.086777 0.225000 0.173554
1 0.506944 0.198347 0.213889 0.242424
1 0.069444 0.247934 0.138889 0.220386
1 0.106944 0.713499 0.213889 0.236915
1 0.794444 0.086777 0.227778 0.173554
1 0.236111 0.597796 0.200000 0.214876
1 0.193056 0.855372 0.225000 0.245179
1 0.706944 0.290634 0.236111 0.228650
1 0.470833 0.840220 0.208333 0.203857
1 0.595833 0.807163 0.186111 0.192837
1 0.823611 0.891185 0.247222 0.201102
0 0.509722 0.527548 0.391667 0.360882
1 0.827778 0.789256 0.227778 0.173554
