1 0.909722 0.874656 0.175000 0.206612
1 0.658333 0.174931 0.194444 0.206612
1 0.386111 0.838843 0.211111 0.195592
1 0.237500 0.060606 0.213889 0.121212
1 0.754167 0.486226 0.180556 0.245179
1 0.881944 0.159780 0.230556 0.225895
1 0.886111 0.654270 0.222222 0.201102
1 0.216667 0.506887 0.233333 0.220386
1 0.154167 0.900826 0.230556 0.192837
1 0.291667 0.236915 0.227778 0.220386
0 0.504167 0.539945 0.280556 0.297521
1 0.623611 0.801653 0.225000 0.203857
1 0.751389 0.351240 0.213889 0.162534
1 0.643056 0.907713 0.225000 0.179063
1 0.087500 0.185950 0.175000 0.300275
2 0.340278 0.619835 0.086111 0.082645
