1 0.626389 0.093664 0.191667 0.187328
1 0.079167 0.860882 0.158333 0.212121
1 0.943056 0.542700 0.108333 0.203857
1 0.887500 0.096419 0.219444 0.192837
1 0.266667 0.910468 0.238889 0.173554
1 0.750000 0.690083 0.211111 0.228650
1 0.179167 0.340220 0.208333 0.184573
1 0.163889 0.633609 0.222222 0.220386
1 0.483333 0.221763 0.255556 0.195592
1 0.798611 0.450413 0.213889 0.223140
1 0.488889 0.793388 0.283333 0.203857
1 0.247222 0.134986 0.261111 0.220386
1 0.554167 0.940771 0.191667 0.112948
1 0.813889 0.278237 0.227778 0.198347
0 0.501080 0.516529 0.368210 0.383532
