0 0.131250 0.387500 0.259375 0.408333
1 0.392188 0.806250 0.168750 0.212500
1 0.900000 0.323958 0.165625 0.218750
1 0.554688 0.631250 0.175000 0.225000
1 0.062500 0.871875 0.125000 0.185417
1 0.459375 0.140625 0.162500 0.193750
1 0.181250 0.106250 0.153125 0.195833
1 0.953906 0.813542 0.089063 0.193750
1 0.333594 0.314583 0.182812 0.245833
1 0.353125 0.591667 0.178125 0.179167
1 0.706250 0.563542 0.159375 0.193750
1 0.742188 0.751042 0.178125 0.206250
1 0.886719 0.500000 0.151562 0.212500
1 0.685937 0.067708 0.162500 0.131250
2 0.837500 0.882292 0.075000 0.093750
1 0.707812 0.434375 0.178125 0.218750
1 0.587500 0.921875 0.162500 0.152083
1 0.534375 0.315625 0.209375 0.177083
1 0.306250 0.168750 0.140625 0.212500
1 0.181250 0.667708 0.153125 0.206250
2 0.975000 0.643750 0.043750 0.075000
1 0.556250 0.890625 0.178125 0.210417
2 0.032813 0.065625 0.056250 0.064583
1 0.251563 0.627083 0.128125 0.287500
