1 0.920833 0.071625 0.152778 0.143251
1 0.295833 0.213499 0.202778 0.217631
1 0.820833 0.305785 0.202778 0.209366
1 0.198611 0.844353 0.191667 0.212121
1 0.936111 0.906336 0.122222 0.181818
1 0.791667 0.815427 0.200000 0.192837
1 0.069444 0.753444 0.138889 0.223140
1 0.676389 0.771350 0.191667 0.214876
1 0.434722 0.084022 0.202778 0.168044
1 0.111111 0.081267 0.216667 0.162534
1 0.900000 0.623967 0.194444 0.228650
1 0.140278 0.382920 0.230556 0.220386
1 0.687500 0.949036 0.219444 0.096419
1 0.243056 0.712121 0.219444 0.217631
1 0.576389 0.108815 0.219444 0.217631
0 0.506790 0.505510 0.458642 0.409856
