1 0.590435 0.093043 0.217391 0.186087
1 0.346957 0.085217 0.255652 0.170435
1 0.919130 0.904348 0.158261 0.187826
1 0.175652 0.234783 0.226087 0.229565
1 0.394783 0.927826 0.250435 0.140870
1 0.180870 0.731304 0.184348 0.248696
1 0.189565 0.475652 0.208696 0.255652
1 0.054783 0.835652 0.106087 0.248696
1 0.886087 0.673913 0.224348 0.269565
0 0.528696 0.466087 0.483478 0.441739
1 0.724348 0.683478 0.210435 0.271304
1 0.762609 0.224348 0.213913 0.187826
0 0.842609 0.394783 0.182609 0.212174
1 0.308696 0.719130 0.200000 0.217391
