0 0.527889 0.775700 0.356513 0.420098
1 0.171875 0.086458 0.146875 0.168750
1 0.556250 0.310417 0.162500 0.208333
1 0.717969 0.369792 0.157812 0.197917
1 0.364063 0.109375 0.171875 0.218750
1 0.606250 0.091667 0.193750 0.179167
1 0.821455 0.650910 0.157090 0.156513
1 0.329688 0.898958 0.181250 0.193750
1 0.130469 0.685417 0.179688 0.208333
1 0.818750 0.171875 0.165625 0.214583
1 0.296875 0.344792 0.168750 0.231250
1 0.379688 0.537500 0.159375 0.208333
1 0.201563 0.519792 0.165625 0.210417
1 0.907813 0.488542 0.181250 0.177083
1 0.693750 0.943750 0.156250 0.108333
1 0.884375 0.279167 0.165625 0.216667
2 0.681197 0.601576 0.049895 0.071849
1 0.389844 0.393750 0.142187 0.162500
2 0.974219 0.379167 0.048438 0.058333
