1 0.915652 0.088696 0.165217 0.173913
1 0.232174 0.353043 0.241739 0.229565
1 0.747826 0.161739 0.226087 0.271304
1 0.851304 0.309565 0.231304 0.253913
1 0.849565 0.565217 0.234783 0.226087
1 0.254783 0.610435 0.217391 0.250435
1 0.093913 0.517391 0.187826 0.262609
1 0.286957 0.857391 0.222609 0.229565
0 0.518261 0.523478 0.344348 0.337391
1 0.085217 0.880870 0.170435 0.231304
1 0.402609 0.227826 0.182609 0.243478
1 0.704348 0.872174 0.201739 0.213913
1 0.553913 0.875652 0.200000 0.241739
1 0.532174 0.221739 0.212174 0.217391
