1 0.225000 0.382292 0.168750 0.214583
1 0.411719 0.682292 0.157812 0.206250
1 0.456250 0.430208 0.150000 0.206250
1 0.883594 0.309375 0.176563 0.206250
1 0.262500 0.614583 0.162500 0.200000
0 0.192188 0.848958 0.303125 0.293750
1 0.954688 0.515625 0.087500 0.206250
1 0.829688 0.918750 0.153125 0.158333
1 0.800000 0.715625 0.178125 0.210417
1 0.715625 0.318750 0.193750 0.212500
1 0.056250 0.118750 0.109375 0.237500
1 0.306250 0.111458 0.165625 0.206250
1 0.054688 0.400000 0.106250 0.204167
1 0.681250 0.620833 0.165625 0.208333
1 0.934375 0.770833 0.128125 0.212500
1 0.943750 0.177083 0.109375 0.187500
1 0.100000 0.201042 0.159375 0.202083
1 0.046875 0.797917 0.093750 0.250000
1 0.181250 0.146875 0.159375 0.235417
1 0.629687 0.450000 0.162500 0.175000
1 0.628125 0.379167 0.231250 0.166667
