1 0.755556 0.285124 0.194444 0.206612
1 0.234722 0.082645 0.230556 0.165289
1 0.365278 0.757576 0.225000 0.225895
1 0.925000 0.336088 0.144444 0.220386
1 0.190278 0.479339 0.241667 0.220386
1 0.458333 0.136364 0.222222 0.239669
1 0.144444 0.687328 0.227778 0.245179
1 0.101389 0.893939 0.202778 0.206612
1 0.886111 0.677686 0.222222 0.242424
1 0.311111 0.942149 0.227778 0.110193
1 0.944444 0.600551 0.105556 0.214876
1 0.581944 0.902204 0.230556 0.190083
1 0.241667 0.272727 0.261111 0.209366
1 0.636111 0.267218 0.194444 0.225895
2 0.768056 0.516529 0.119444 0.129477
1 0.594444 0.783747 0.227778 0.201102
2 0.752778 0.746556 0.088889 0.093664
0 0.500000 0.504132 0.322222 0.336088
1 0.675000 0.077135 0.155556 0.148760
