1 0.064453 0.867188 0.128906 0.257812
1 0.205078 0.173828 0.277344 0.277344
1 0.472656 0.535156 0.273438 0.289062
1 0.718750 0.375000 0.281250 0.265625
1 0.330078 0.085938 0.292969 0.171875
1 0.525391 0.275391 0.246094 0.277344
1 0.876953 0.822266 0.230469 0.261719
1 0.429688 0.929688 0.257812 0.132812
1 0.699219 0.503906 0.250000 0.242188
1 0.658203 0.816406 0.308594 0.289062
1 0.679688 0.638672 0.257812 0.214844
1 0.384766 0.265625 0.269531 0.250000
1 0.791016 0.158203 0.253906 0.277344
1 0.296875 0.400391 0.265625 0.269531
1 0.900391 0.156250 0.191406 0.234375
1 0.148438 0.511719 0.281250 0.234375
1 0.898438 0.453125 0.195312 0.281250
1 0.892578 0.542969 0.199219 0.234375
0 0.252221 0.752145 0.363817 0.394914
1 0.199219 0.423828 0.234375 0.199219
1 0.185547 0.455078 0.253906 0.261719
