1 0.906250 0.871094 0.171875 0.250000
1 0.689453 0.816406 0.261719 0.226562
1 0.898438 0.656250 0.195312 0.218750
1 0.183594 0.544922 0.226562 0.246094
1 0.136719 0.214844 0.257812 0.273438
1 0.419922 0.906250 0.230469 0.171875
1 0.173828 0.855469 0.214844 0.250000
1 0.279297 0.904297 0.183594 0.183594
1 0.482422 0.134766 0.246094 0.253906
1 0.267578 0.064453 0.238281 0.128906
1 0.609375 0.167969 0.250000 0.234375
1 0.203125 0.712891 0.234375 0.222656
1 0.845703 0.150391 0.253906 0.238281
1 0.205078 0.296875 0.230469 0.218750
1 0.748047 0.623047 0.167969 0.222656
1 0.500000 0.705078 0.203125 0.191406
0 0.462891 0.455078 0.316406 0.386719
