0 0.453906 0.762500 0.354687 0.437500
1 0.275781 0.106250 0.176563 0.212500
1 0.909375 0.886458 0.178125 0.206250
1 0.714063 0.932292 0.184375 0.131250
1 0.621875 0.204167 0.190625 0.225000
1 0.143750 0.883333 0.162500 0.229167
1 0.755469 0.758333 0.182812 0.204167
1 0.101562 0.648958 0.171875 0.214583
1 0.231250 0.342708 0.159375 0.222917
1 0.096094 0.422917 0.157812 0.191667
1 0.044531 0.202083 0.089063 0.250000
1 0.757812 0.548958 0.187500 0.206250
1 0.807813 0.333333 0.200000 0.270833
1 0.726562 0.056250 0.181250 0.112500
1 0.953125 0.358333 0.090625 0.270833
1 0.412500 0.256250 0.193750 0.195833
1 0.298438 0.930208 0.162500 0.135417
1 0.865625 0.151042 0.187500 0.222917
2 0.214844 0.542708 0.057813 0.081250
