1 0.169444 0.533058 0.200000 0.195592
1 0.905556 0.745179 0.183333 0.212121
1 0.825000 0.446281 0.177778 0.214876
1 0.327778 0.056474 0.183333 0.112948
1 0.540278 0.855372 0.191667 0.184573
1 0.495833 0.100551 0.213889 0.201102
1 0.650000 0.188705 0.194444 0.184573
1 0.098611 0.800275 0.197222 0.245179
1 0.847222 0.128099 0.238889 0.179063
1 0.783333 0.950413 0.216667 0.093664
1 0.713889 0.344353 0.227778 0.231405
1 0.734722 0.888430 0.202778 0.201102
0 0.501389 0.495868 0.369444 0.363636
2 0.409722 0.939394 0.075000 0.088154
1 0.786111 0.579890 0.233333 0.206612
1 0.734722 0.783747 0.186111 0.134986
1 0.587500 0.743802 0.208333 0.165289
