0 0.452344 0.464583 0.342187 0.437500
1 0.490625 0.135417 0.184375 0.208333
1 0.721875 0.185417 0.162500 0.191667
1 0.053125 0.825000 0.103125 0.225000
2 0.781250 0.476042 0.065625 0.089583
1 0.814063 0.784375 0.165625 0.193750
1 0.255469 0.112500 0.157812 0.175000
1 0.868750 0.210417 0.178125 0.204167
1 0.852344 0.934375 0.167187 0.127083
1 0.675000 0.605208 0.171875 0.218750
1 0.946094 0.844792 0.104688 0.177083
1 0.099219 0.104167 0.167187 0.200000
1 0.506250 0.856250 0.156250 0.208333
1 0.058594 0.348958 0.114062 0.243750
1 0.270313 0.911458 0.196875 0.168750
1 0.145313 0.303125 0.150000 0.218750
1 0.330469 0.739583 0.170313 0.212500
1 0.889844 0.441667 0.170313 0.279167
1 0.581250 0.796875 0.159375 0.197917
1 0.321094 0.294792 0.176563 0.202083
1 0.225000 0.543750 0.171875 0.191667
