1 0.579167 0.820937 0.208333 0.203857
1 0.922222 0.531680 0.150000 0.242424
1 0.052778 0.139118 0.105556 0.245179
1 0.359722 0.907713 0.241667 0.179063
1 0.786111 0.913223 0.261111 0.168044
1 0.222222 0.190083 0.222222 0.225895
1 0.751389 0.588154 0.202778 0.234160
1 0.147222 0.619835 0.238889 0.198347
1 0.893056 0.792011 0.208333 0.234160
1 0.809722 0.279614 0.269444 0.272727
1 0.256944 0.404959 0.213889 0.236915
1 0.880556 0.077135 0.233333 0.154270
1 0.620833 0.246556 0.202778 0.228650
0 0.493056 0.511631 0.378086 0.373125
