1 0.106944 0.884298 0.213889 0.225895
1 0.148611 0.421488 0.230556 0.225895
1 0.304167 0.092287 0.236111 0.179063
1 0.881944 0.515152 0.213889 0.236915
1 0.118056 0.183196 0.225000 0.250689
1 0.865278 0.063361 0.219444 0.121212
1 0.180556 0.640496 0.227778 0.234160
1 0.836111 0.898072 0.233333 0.198347
1 0.923611 0.323691 0.147222 0.223140
1 0.798611 0.694215 0.230556 0.242424
2 0.619444 0.230028 0.100000 0.085399
2 0.797222 0.360882 0.094444 0.088154
2 0.766667 0.545455 0.077778 0.077135
0 0.498765 0.546526 0.405556 0.404959
