1 0.904167 0.731405 0.186111 0.223140
1 0.206944 0.585399 0.186111 0.217631
1 0.881944 0.380165 0.230556 0.247934
1 0.605556 0.100551 0.255556 0.201102
1 0.936111 0.535813 0.122222 0.206612
1 0.895833 0.914601 0.202778 0.165289
1 0.612500 0.921488 0.280556 0.151515
1 0.081944 0.075758 0.163889 0.151515
1 0.311111 0.904959 0.288889 0.184573
1 0.470833 0.298898 0.263889 0.217631
1 0.254167 0.815427 0.258333 0.192837
1 0.906944 0.136364 0.180556 0.212121
1 0.054167 0.761708 0.108333 0.239669
1 0.205556 0.264463 0.227778 0.258953
0 0.506481 0.506581 0.419136 0.315886
1 0.345833 0.326446 0.147222 0.206612
1 0.134722 0.207989 0.208333 0.223140
