1 0.111111 0.118457 0.222222 0.231405
1 0.068056 0.549587 0.136111 0.239669
1 0.186111 0.940771 0.244444 0.112948
1 0.925000 0.654270 0.144444 0.261708
1 0.656944 0.101928 0.280556 0.203857
1 0.445833 0.804408 0.269444 0.264463
1 0.912500 0.301653 0.169444 0.217631
1 0.231944 0.659780 0.241667 0.250689
1 0.731944 0.634986 0.236111 0.261708
1 0.747222 0.882920 0.216667 0.217631
1 0.408333 0.061983 0.244444 0.123967
1 0.700000 0.301653 0.244444 0.256198
0 0.483333 0.491736 0.344444 0.349862
1 0.434722 0.242424 0.230556 0.203857
