1 0.441667 0.896694 0.233333 0.201102
1 0.923611 0.466942 0.147222 0.256198
1 0.781944 0.506887 0.175000 0.203857
1 0.173611 0.155647 0.247222 0.245179
1 0.206944 0.858127 0.230556 0.212121
1 0.440278 0.172176 0.213889 0.234160
1 0.758333 0.100551 0.233333 0.201102
1 0.595833 0.057851 0.236111 0.115702
1 0.701389 0.922865 0.258333 0.148760
1 0.827778 0.734160 0.283333 0.256198
1 0.845833 0.228650 0.219444 0.236915
1 0.620833 0.249311 0.263889 0.234160
1 0.120833 0.736915 0.241667 0.212121
1 0.198611 0.398072 0.269444 0.228650
1 0.244444 0.287879 0.216667 0.195592
0 0.505556 0.505510 0.327778 0.404959
1 0.865278 0.663912 0.213889 0.148760
