1 0.087826 0.347826 0.175652 0.222609
1 0.286957 0.097391 0.212174 0.194783
1 0.706957 0.651304 0.220870 0.297391
1 0.103478 0.144348 0.206957 0.240000
1 0.370435 0.849565 0.226087 0.276522
1 0.500000 0.180870 0.238261 0.243478
1 0.165217 0.921739 0.226087 0.153043
1 0.917391 0.173043 0.161739 0.262609
1 0.723478 0.413913 0.191304 0.212174
1 0.697391 0.911304 0.208696 0.170435
1 0.889565 0.594783 0.217391 0.267826
0 0.462609 0.511304 0.361739 0.473043
1 0.565217 0.900870 0.173913 0.191304
1 0.879130 0.425217 0.213913 0.182609
