1 0.400000 0.765840 0.222222 0.192837
1 0.655556 0.231405 0.194444 0.209366
1 0.738889 0.706612 0.211111 0.190083
1 0.062500 0.677686 0.125000 0.220386
1 0.097222 0.287879 0.194444 0.212121
1 0.197222 0.811295 0.222222 0.234160
1 0.490278 0.079890 0.247222 0.159780
1 0.201389 0.537190 0.213889 0.220386
1 0.804167 0.464187 0.225000 0.212121
1 0.888889 0.849862 0.216667 0.217631
1 0.447222 0.935262 0.222222 0.123967
1 0.594444 0.880165 0.233333 0.234160
1 0.447222 0.249311 0.227778 0.179063
0 0.503858 0.526783 0.359568 0.370370
