1 0.109375 0.136719 0.218750 0.242188
1 0.322266 0.218750 0.292969 0.250000
1 0.710938 0.361328 0.226562 0.230469
1 0.128906 0.353516 0.234375 0.246094
1 0.603516 0.128906 0.261719 0.257812
1 0.810547 0.566406 0.269531 0.273438
1 0.861328 0.216797 0.246094 0.253906
1 0.109375 0.595703 0.218750 0.277344
1 0.542969 0.355469 0.257812 0.242188
1 0.748047 0.880859 0.230469 0.230469
1 0.167969 0.826172 0.210938 0.230469
1 0.316406 0.468750 0.250000 0.265625
1 0.642578 0.689453 0.167969 0.183594
1 0.478516 0.919922 0.285156 0.152344
0 0.509766 0.640625 0.417969 0.398438
