1 0.604167 0.074380 0.225000 0.148760
1 0.143056 0.106061 0.202778 0.212121
1 0.325000 0.887052 0.216667 0.220386
1 0.227778 0.353994 0.183333 0.256198
1 0.733333 0.595041 0.222222 0.181818
1 0.077778 0.520661 0.155556 0.198347
1 0.845833 0.417355 0.208333 0.212121
1 0.893056 0.176309 0.208333 0.214876
1 0.227778 0.683196 0.211111 0.209366
1 0.690278 0.257576 0.213889 0.228650
1 0.597222 0.907713 0.233333 0.179063
1 0.777778 0.785124 0.205556 0.198347
1 0.905556 0.768595 0.177778 0.264463
1 0.100000 0.847107 0.200000 0.140496
1 0.098611 0.929752 0.197222 0.134986
1 0.273611 0.056474 0.236111 0.112948
0 0.477315 0.503826 0.332407 0.379553
2 0.863889 0.042700 0.066667 0.052342
