1 0.919444 0.365014 0.155556 0.234160
1 0.755556 0.092287 0.205556 0.184573
1 0.098611 0.190083 0.197222 0.209366
1 0.140278 0.701102 0.213889 0.217631
1 0.230556 0.358127 0.233333 0.225895
1 0.313889 0.152893 0.227778 0.206612
1 0.777778 0.681818 0.250000 0.217631
1 0.506944 0.892562 0.247222 0.209366
1 0.819444 0.563361 0.222222 0.217631
1 0.902778 0.834711 0.188889 0.264463
1 0.358333 0.747934 0.227778 0.206612
1 0.155556 0.911846 0.177778 0.170799
1 0.359722 0.933884 0.213889 0.126722
0 0.501235 0.502449 0.380247 0.385981
