1 0.819444 0.079890 0.261111 0.159780
1 0.166667 0.922865 0.261111 0.148760
1 0.884722 0.670799 0.225000 0.245179
1 0.412500 0.870523 0.236111 0.242424
1 0.755556 0.341598 0.272222 0.253444
1 0.227778 0.690083 0.233333 0.289256
1 0.573611 0.159780 0.230556 0.225895
1 0.645833 0.782369 0.258333 0.242424
1 0.102778 0.428375 0.205556 0.283747
1 0.408333 0.055096 0.277778 0.110193
1 0.251389 0.247934 0.236111 0.242424
1 0.859722 0.889807 0.236111 0.209366
1 0.055556 0.690083 0.111111 0.256198
1 0.883333 0.168044 0.227778 0.209366
0 0.499846 0.510866 0.352160 0.344047
