1 0.330556 0.940771 0.205556 0.112948
1 0.916667 0.092287 0.161111 0.179063
1 0.093056 0.280992 0.180556 0.220386
1 0.218056 0.827824 0.197222 0.206612
1 0.118056 0.494490 0.213889 0.184573
1 0.205556 0.639118 0.261111 0.192837
1 0.061111 0.760331 0.116667 0.220386
1 0.293056 0.056474 0.219444 0.107438
1 0.927778 0.286501 0.138889 0.203857
1 0.852778 0.847107 0.238889 0.206612
1 0.804167 0.622590 0.219444 0.258953
1 0.627778 0.220386 0.250000 0.236915
1 0.252778 0.374656 0.233333 0.236915
1 0.480556 0.818182 0.211111 0.214876
1 0.341667 0.243802 0.238889 0.206612
0 0.497222 0.535813 0.394444 0.382920
