0 0.484375 0.776042 0.381250 0.443750
1 0.074219 0.484375 0.148438 0.239583
1 0.112500 0.112500 0.171875 0.212500
1 0.702344 0.607292 0.198437 0.210417
1 0.901563 0.109375 0.193750 0.202083
1 0.139844 0.734375 0.195312 0.202083
1 0.402344 0.054167 0.173437 0.104167
1 0.905469 0.340625 0.182812 0.235417
1 0.417187 0.231250 0.140625 0.200000
1 0.553125 0.482292 0.187500 0.181250
1 0.236719 0.457292 0.167187 0.181250
1 0.950000 0.479167 0.096875 0.208333
1 0.252344 0.556250 0.170313 0.204167
1 0.858594 0.860417 0.182812 0.258333
1 0.356250 0.216667 0.162500 0.212500
