1 0.602609 0.761739 0.248696 0.236522
1 0.247826 0.497391 0.189565 0.208696
1 0.420870 0.107826 0.219130 0.215652
1 0.291304 0.267826 0.255652 0.250435
1 0.769565 0.584348 0.217391 0.229565
1 0.912174 0.747826 0.172174 0.257391
1 0.427826 0.899130 0.219130 0.198261
1 0.073913 0.227826 0.147826 0.236522
1 0.255652 0.717391 0.250435 0.227826
1 0.846087 0.339130 0.252174 0.264348
0 0.508696 0.497391 0.318261 0.330435
1 0.073913 0.477391 0.147826 0.220870
1 0.887826 0.940000 0.220870 0.116522
1 0.090435 0.900870 0.177391 0.194783
1 0.219130 0.918261 0.222609 0.160000
