0 0.484375 0.340625 0.334375 0.443750
1 0.534375 0.813542 0.190625 0.222917
1 0.796875 0.166667 0.162500 0.208333
1 0.073438 0.319792 0.143750 0.210417
1 0.759375 0.563542 0.165625 0.210417
1 0.930469 0.094792 0.135937 0.185417
1 0.602344 0.943750 0.167187 0.108333
1 0.651563 0.156250 0.175000 0.204167
1 0.946094 0.620833 0.104688 0.208333
1 0.333594 0.614583 0.198437 0.237500
1 0.843750 0.371875 0.196875 0.222917
1 0.131250 0.521875 0.193750 0.218750
1 0.118750 0.095833 0.203125 0.187500
1 0.796094 0.756250 0.173437 0.200000
1 0.931250 0.885417 0.134375 0.216667
1 0.896094 0.227083 0.179688 0.212500
1 0.275000 0.403125 0.159375 0.185417
1 0.525000 0.607292 0.162500 0.177083
1 0.217188 0.886458 0.159375 0.193750
1 0.354687 0.857292 0.146875 0.202083
