1 0.911304 0.917391 0.170435 0.161739
1 0.266957 0.297391 0.266087 0.257391
1 0.113913 0.482609 0.227826 0.328696
1 0.080000 0.899130 0.160000 0.198261
1 0.861739 0.394783 0.193043 0.250435
1 0.357391 0.097391 0.224348 0.191304
1 0.431304 0.915652 0.302609 0.165217
1 0.702609 0.923478 0.267826 0.149565
1 0.744348 0.274783 0.281739 0.233043
1 0.456522 0.142609 0.259130 0.274783
1 0.056522 0.140870 0.109565 0.243478
1 0.154783 0.737391 0.240000 0.229565
0 0.480000 0.545217 0.413913 0.537391
1 0.220870 0.845217 0.208696 0.243478
1 0.932174 0.387826 0.132174 0.212174
