1 0.475000 0.377083 0.165625 0.225000
1 0.553125 0.106250 0.156250 0.212500
1 0.912500 0.694792 0.171875 0.222917
0 0.624219 0.883333 0.342187 0.229167
1 0.265625 0.328125 0.168750 0.243750
1 0.405469 0.784375 0.157812 0.206250
1 0.658594 0.293750 0.201563 0.254167
1 0.307812 0.777083 0.171875 0.212500
1 0.212500 0.153125 0.162500 0.214583
1 0.680469 0.444792 0.167187 0.206250
1 0.827344 0.544792 0.170313 0.197917
1 0.567969 0.657292 0.195312 0.243750
1 0.062500 0.346875 0.121875 0.193750
1 0.042969 0.141667 0.082812 0.225000
1 0.928125 0.339583 0.140625 0.212500
1 0.083594 0.562500 0.164062 0.241667
1 0.950000 0.503125 0.096875 0.206250
1 0.864844 0.126042 0.167187 0.214583
1 0.868750 0.903125 0.221875 0.185417
1 0.134375 0.801042 0.156250 0.189583
1 0.689844 0.067708 0.164062 0.131250
1 0.771875 0.122917 0.162500 0.195833
1 0.331250 0.525000 0.121875 0.183333
