1 0.780000 0.293913 0.224348 0.250435
1 0.911304 0.734783 0.173913 0.255652
1 0.923478 0.110435 0.146087 0.217391
1 0.805217 0.933913 0.257391 0.128696
1 0.156522 0.915652 0.246957 0.165217
1 0.073043 0.450435 0.146087 0.240000
1 0.393043 0.931304 0.212174 0.133913
1 0.232174 0.850435 0.241739 0.229565
1 0.272530 0.652846 0.185375 0.228221
0 0.546957 0.566957 0.471304 0.466087
1 0.209605 0.192213 0.231383 0.255573
1 0.822609 0.080000 0.246957 0.160000
1 0.573913 0.903478 0.173913 0.189565
1 0.440870 0.886957 0.179130 0.173913
1 0.320553 0.220949 0.196047 0.224506
1 0.467589 0.063636 0.240316 0.121739
1 0.371897 0.055138 0.232490 0.110277
1 0.221739 0.525296 0.172332 0.245059
