1 0.763672 0.369141 0.246094 0.277344
1 0.566406 0.878906 0.265625 0.226562
1 0.910156 0.464844 0.164062 0.250000
1 0.751953 0.125000 0.277344 0.250000
1 0.847656 0.720703 0.234375 0.167969
1 0.103516 0.312500 0.207031 0.234375
1 0.222656 0.511719 0.234375 0.226562
0 0.527344 0.580078 0.429688 0.410156
1 0.410156 0.156250 0.257812 0.250000
2 0.546875 0.361328 0.078125 0.066406
1 0.505859 0.207031 0.207031 0.203125
1 0.285156 0.378906 0.218750 0.226562
1 0.171875 0.167969 0.250000 0.234375
1 0.859375 0.843750 0.218750 0.203125
