1 0.908333 0.099174 0.177778 0.198347
1 0.686111 0.112948 0.255556 0.225895
1 0.059722 0.855372 0.119444 0.283747
1 0.130556 0.070248 0.255556 0.140496
1 0.886111 0.706612 0.222222 0.250689
1 0.936111 0.438017 0.122222 0.225895
1 0.813889 0.488981 0.211111 0.289256
1 0.504167 0.168044 0.252778 0.231405
1 0.602778 0.881543 0.233333 0.225895
1 0.208333 0.214876 0.266667 0.231405
1 0.256944 0.404959 0.202778 0.275482
1 0.381944 0.056474 0.258333 0.112948
1 0.447222 0.816804 0.261111 0.261708
2 0.106944 0.391185 0.086111 0.077135
0 0.504784 0.514692 0.429321 0.489440
