1 0.088889 0.899449 0.177778 0.195592
1 0.283333 0.917355 0.177778 0.159780
1 0.945833 0.257576 0.102778 0.206612
1 0.418056 0.774105 0.219444 0.192837
1 0.229167 0.243802 0.197222 0.217631
1 0.905556 0.458678 0.183333 0.212121
1 0.213889 0.057851 0.238889 0.115702
1 0.061111 0.279614 0.122222 0.223140
1 0.930556 0.778237 0.133333 0.228650
1 0.663889 0.110193 0.233333 0.220386
1 0.263889 0.600551 0.155556 0.220386
1 0.141667 0.476584 0.216667 0.198347
1 0.765278 0.731405 0.213889 0.184573
1 0.413889 0.155647 0.222222 0.195592
1 0.513889 0.933884 0.200000 0.126722
2 0.845833 0.615702 0.130556 0.112948
1 0.751389 0.249311 0.269444 0.245179
1 0.808333 0.909091 0.272222 0.176309
2 0.647222 0.747934 0.055556 0.074380
0 0.486111 0.483471 0.350000 0.388430
