1 0.319444 0.775482 0.205556 0.223140
1 0.079167 0.106061 0.158333 0.212121
1 0.936111 0.488981 0.122222 0.190083
1 0.106944 0.597796 0.213889 0.214876
1 0.612500 0.111570 0.219444 0.217631
1 0.945833 0.231405 0.102778 0.253444
1 0.848611 0.899449 0.230556 0.195592
1 0.134722 0.881543 0.225000 0.220386
1 0.209722 0.396694 0.202778 0.242424
1 0.866667 0.657025 0.216667 0.217631
1 0.723611 0.706612 0.225000 0.228650
1 0.534722 0.829201 0.230556 0.225895
1 0.216667 0.247934 0.238889 0.203857
1 0.763889 0.345730 0.188889 0.195592
1 0.748611 0.099174 0.225000 0.192837
1 0.875000 0.344353 0.150000 0.181818
0 0.498611 0.502755 0.363889 0.410468
