1 0.905556 0.479339 0.183333 0.242424
1 0.390278 0.914601 0.219444 0.165289
1 0.601389 0.900826 0.202778 0.192837
1 0.358333 0.665289 0.188889 0.223140
1 0.823611 0.654270 0.269444 0.261708
1 0.098611 0.264463 0.197222 0.258953
1 0.147222 0.922865 0.211111 0.148760
1 0.268056 0.358127 0.202778 0.247934
1 0.156944 0.064738 0.219444 0.129477
1 0.565278 0.151515 0.241667 0.303030
1 0.418056 0.253444 0.252778 0.231405
1 0.708333 0.184573 0.205556 0.231405
1 0.904167 0.205234 0.186111 0.267218
1 0.766667 0.906336 0.194444 0.181818
1 0.219444 0.655647 0.205556 0.236915
0 0.506944 0.501377 0.308333 0.303030
1 0.733333 0.086777 0.277778 0.173554
