1 0.247826 0.095652 0.196522 0.191304
1 0.069565 0.619130 0.139130 0.253913
1 0.912174 0.250435 0.172174 0.208696
1 0.580870 0.905217 0.219130 0.186087
1 0.921739 0.501739 0.153043 0.231304
1 0.197391 0.719130 0.168696 0.248696
1 0.097391 0.222609 0.191304 0.212174
1 0.485217 0.146957 0.184348 0.200000
1 0.727826 0.125217 0.234783 0.229565
1 0.369565 0.826957 0.210435 0.213913
1 0.667826 0.054783 0.226087 0.106087
1 0.737391 0.771304 0.243478 0.241739
1 0.257391 0.929565 0.215652 0.137391
0 0.464629 0.496556 0.486395 0.502539
1 0.719130 0.648696 0.196522 0.156522
