1 0.847222 0.873278 0.205556 0.198347
1 0.104167 0.123967 0.208333 0.203857
1 0.093056 0.349862 0.186111 0.253444
1 0.922222 0.110193 0.150000 0.220386
1 0.786111 0.790634 0.205556 0.203857
1 0.708333 0.610193 0.188889 0.217631
1 0.788889 0.506887 0.216667 0.225895
1 0.709722 0.161157 0.269444 0.217631
1 0.276389 0.741047 0.208333 0.231405
1 0.500000 0.929752 0.266667 0.134986
1 0.341667 0.177686 0.211111 0.239669
1 0.802778 0.388430 0.177778 0.148760
1 0.269444 0.220386 0.172222 0.176309
0 0.516975 0.505357 0.416667 0.495868
