1 0.094783 0.633913 0.186087 0.213913
1 0.055652 0.328696 0.111304 0.246957
1 0.571304 0.804348 0.210435 0.224348
1 0.742609 0.642609 0.212174 0.231304
1 0.672174 0.087826 0.227826 0.175652
1 0.329565 0.855652 0.200000 0.205217
1 0.925217 0.780000 0.146087 0.227826
1 0.113043 0.860870 0.222609 0.226087
1 0.286957 0.562609 0.198261 0.248696
1 0.792174 0.910435 0.200000 0.175652
1 0.891304 0.256522 0.213913 0.241739
1 0.887826 0.067826 0.213913 0.135652
1 0.897391 0.479130 0.201739 0.252174
1 0.391304 0.165217 0.222609 0.243478
1 0.206957 0.311304 0.215652 0.281739
0 0.522609 0.468696 0.293913 0.408696
1 0.070079 0.076482 0.134625 0.152964
