1 0.806957 0.444348 0.246957 0.266087
1 0.605217 0.847826 0.257391 0.248696
1 0.947826 0.834783 0.100870 0.246957
1 0.444348 0.231304 0.262609 0.236522
1 0.893913 0.183478 0.198261 0.248696
1 0.793043 0.694783 0.271304 0.245217
1 0.188696 0.153913 0.273043 0.241739
1 0.933913 0.469565 0.128696 0.257391
1 0.295652 0.791304 0.253913 0.285217
0 0.496522 0.500000 0.304348 0.360000
1 0.073913 0.555652 0.147826 0.259130
1 0.085217 0.780870 0.170435 0.219130
1 0.086957 0.163478 0.170435 0.271304
1 0.384348 0.724348 0.222609 0.224348
2 0.176522 0.473043 0.095652 0.090435
