1 0.160000 0.156522 0.198261 0.226087
1 0.149565 0.426087 0.208696 0.267826
0 0.498261 0.460000 0.558261 0.547826
1 0.925217 0.733043 0.146087 0.241739
1 0.105217 0.782609 0.186087 0.208696
1 0.256522 0.866957 0.280000 0.259130
1 0.871304 0.262609 0.233043 0.229565
1 0.625217 0.927826 0.231304 0.140870
1 0.742609 0.767826 0.233043 0.238261
1 0.495652 0.067826 0.264348 0.135652
1 0.097391 0.920000 0.194783 0.156522
1 0.110435 0.623478 0.217391 0.151304
1 0.294783 0.190435 0.217391 0.234783
1 0.731304 0.070435 0.210435 0.137391
1 0.891304 0.085217 0.213913 0.170435
1 0.855652 0.945217 0.222609 0.106087
