1 0.907826 0.907826 0.180870 0.180870
1 0.231304 0.908696 0.243478 0.179130
1 0.062609 0.195652 0.121739 0.252174
1 0.223478 0.291304 0.234783 0.241739
1 0.926087 0.494783 0.144348 0.248696
1 0.202609 0.537391 0.220870 0.240000
1 0.839130 0.694783 0.241739 0.231304
1 0.631304 0.831304 0.250435 0.240000
1 0.611304 0.180870 0.220870 0.226087
1 0.451304 0.943478 0.224348 0.109565
1 0.538261 0.051304 0.255652 0.102609
1 0.776522 0.065217 0.238261 0.130435
1 0.917391 0.055652 0.161739 0.111304
0 0.530435 0.504348 0.434783 0.438261
0 0.096522 0.048696 0.189565 0.093913
1 0.097391 0.048696 0.191304 0.093913
