1 0.919399 0.888889 0.155738 0.216802
1 0.938525 0.166667 0.117486 0.208672
1 0.065574 0.628726 0.131148 0.216802
1 0.327869 0.108401 0.180328 0.205962
1 0.785519 0.350949 0.177596 0.230352
1 0.148907 0.352304 0.172131 0.222222
1 0.112022 0.140921 0.224044 0.200542
1 0.721311 0.733062 0.218579 0.224932
0 0.506831 0.498645 0.330601 0.395664
2 0.748634 0.562331 0.142077 0.154472
1 0.545082 0.116531 0.254098 0.184282
1 0.579235 0.941734 0.185792 0.111111
1 0.151639 0.928184 0.286885 0.138211
1 0.748634 0.914634 0.196721 0.165312
2 0.288251 0.357724 0.112022 0.119241
