1 0.079167 0.144628 0.158333 0.223140
1 0.456944 0.070248 0.236111 0.140496
1 0.084722 0.688705 0.169444 0.275482
1 0.708333 0.303030 0.227778 0.231405
1 0.823611 0.882920 0.225000 0.223140
1 0.105556 0.348485 0.200000 0.184573
1 0.706944 0.092287 0.219444 0.184573
1 0.345833 0.932507 0.236111 0.129477
1 0.233333 0.515152 0.172222 0.269972
1 0.794444 0.531680 0.200000 0.203857
1 0.615278 0.914601 0.197222 0.165289
1 0.444444 0.749311 0.288889 0.258953
1 0.343056 0.305785 0.230556 0.225895
1 0.450000 0.242424 0.255556 0.181818
0 0.505093 0.501530 0.394136 0.381084
