1 0.661111 0.089532 0.216667 0.179063
1 0.072222 0.931129 0.144444 0.132231
1 0.952778 0.804408 0.088889 0.209366
1 0.920833 0.280992 0.152778 0.181818
1 0.243056 0.699725 0.186111 0.220386
1 0.941667 0.515152 0.111111 0.247934
1 0.436111 0.914601 0.183333 0.165289
1 0.829167 0.659780 0.230556 0.201102
1 0.620833 0.756198 0.191667 0.201102
1 0.258333 0.099174 0.222222 0.192837
1 0.787500 0.884298 0.241667 0.225895
1 0.775000 0.479339 0.155556 0.165289
1 0.104167 0.618457 0.202778 0.338843
1 0.618056 0.267218 0.197222 0.198347
1 0.066667 0.330579 0.127778 0.220386
1 0.436111 0.196970 0.205556 0.206612
1 0.423611 0.769972 0.169444 0.146006
2 0.226389 0.914601 0.102778 0.082645
1 0.631944 0.898072 0.202778 0.198347
1 0.790278 0.391185 0.213889 0.192837
0 0.501389 0.499541 0.363889 0.409550
1 0.405556 0.108815 0.188889 0.157025
