1 0.703125 0.158333 0.165625 0.225000
1 0.523438 0.872917 0.168750 0.225000
1 0.546875 0.234375 0.165625 0.202083
1 0.415625 0.090625 0.165625 0.181250
0 0.187310 0.696726 0.283994 0.423214
1 0.684375 0.842708 0.156250 0.193750
1 0.733594 0.416667 0.151562 0.229167
1 0.550000 0.647917 0.168750 0.191667
1 0.875000 0.382292 0.156250 0.210417
1 0.917188 0.109375 0.162500 0.218750
1 0.756250 0.637500 0.162500 0.200000
1 0.610938 0.478125 0.143750 0.218750
1 0.261719 0.219792 0.173437 0.214583
1 0.964063 0.346875 0.068750 0.227083
1 0.890625 0.950000 0.178125 0.095833
1 0.065625 0.310417 0.128125 0.216667
1 0.043750 0.526042 0.087500 0.193750
1 0.264844 0.054167 0.176563 0.104167
1 0.930469 0.606250 0.135937 0.229167
2 0.528125 0.478125 0.062500 0.085417
1 0.212500 0.936458 0.137500 0.122917
1 0.127344 0.309375 0.148438 0.197917
1 0.039062 0.835417 0.078125 0.212500
1 0.871875 0.817708 0.181250 0.181250
1 0.932813 0.839583 0.131250 0.150000
1 0.855469 0.618750 0.154688 0.183333
