1 0.084375 0.086458 0.165625 0.168750
1 0.325000 0.313542 0.165625 0.197917
1 0.485938 0.412500 0.159375 0.258333
1 0.517969 0.887500 0.154688 0.208333
1 0.086719 0.595833 0.173437 0.237500
1 0.920312 0.543750 0.156250 0.220833
1 0.916406 0.314583 0.164062 0.200000
1 0.737500 0.776042 0.162500 0.193750
1 0.127344 0.337500 0.182812 0.237500
1 0.612500 0.632292 0.187500 0.214583
1 0.674219 0.932292 0.173437 0.131250
1 0.046094 0.905208 0.089063 0.185417
1 0.954688 0.722917 0.087500 0.200000
1 0.211719 0.821875 0.192188 0.235417
0 0.382812 0.132292 0.381250 0.260417
1 0.877344 0.062500 0.210938 0.125000
1 0.285938 0.518750 0.175000 0.195833
1 0.431250 0.673958 0.121875 0.206250
1 0.843750 0.909375 0.150000 0.177083
1 0.907031 0.187500 0.182812 0.108333
1 0.337500 0.713542 0.131250 0.197917
