1 0.160870 0.901739 0.217391 0.193043
1 0.389565 0.281739 0.219130 0.226087
1 0.174783 0.300870 0.217391 0.243478
1 0.277391 0.071304 0.241739 0.142609
1 0.106087 0.708696 0.212174 0.213913
1 0.253913 0.540000 0.226087 0.255652
1 0.846957 0.366957 0.219130 0.229565
1 0.471304 0.780870 0.257391 0.222609
1 0.071304 0.419130 0.142609 0.240000
1 0.731304 0.849565 0.234783 0.210435
1 0.935652 0.530435 0.125217 0.198261
1 0.817391 0.696522 0.219130 0.220870
1 0.506957 0.119130 0.217391 0.238261
1 0.082609 0.073913 0.161739 0.147826
1 0.606957 0.935652 0.208696 0.125217
0 0.556522 0.518261 0.396522 0.358261
1 0.689565 0.061739 0.231304 0.123478
1 0.933913 0.234783 0.128696 0.208696
