1 0.734722 0.278237 0.197222 0.203857
1 0.638889 0.097796 0.211111 0.195592
1 0.094444 0.331956 0.188889 0.201102
1 0.777778 0.081267 0.194444 0.162534
1 0.933333 0.461433 0.127778 0.184573
1 0.802778 0.515152 0.155556 0.198347
1 0.152778 0.505510 0.227778 0.250689
1 0.055556 0.141873 0.111111 0.206612
1 0.165278 0.059229 0.202778 0.118457
1 0.054167 0.860882 0.108333 0.239669
1 0.134722 0.742424 0.208333 0.206612
1 0.851389 0.842975 0.202778 0.214876
1 0.304167 0.805785 0.208333 0.217631
1 0.729167 0.761708 0.202778 0.234160
2 0.888889 0.294766 0.094444 0.088154
1 0.913889 0.698347 0.166667 0.212121
1 0.466667 0.830579 0.205556 0.201102
0 0.494290 0.509795 0.495988 0.523722
