1 0.917188 0.723958 0.162500 0.210417
1 0.849219 0.519792 0.198437 0.227083
0 0.456250 0.159375 0.390625 0.318750
1 0.756250 0.683333 0.181250 0.241667
1 0.896094 0.120833 0.170313 0.225000
1 0.130469 0.106250 0.160938 0.204167
1 0.657813 0.501042 0.168750 0.197917
1 0.264844 0.931250 0.164062 0.133333
1 0.898438 0.908333 0.140625 0.179167
1 0.468750 0.659375 0.171875 0.202083
1 0.065625 0.921875 0.131250 0.152083
1 0.493750 0.540625 0.181250 0.206250
1 0.524219 0.878125 0.189062 0.227083
1 0.249219 0.434375 0.189062 0.247917
1 0.600000 0.796875 0.150000 0.243750
2 0.148438 0.464583 0.068750 0.087500
2 0.036719 0.796875 0.064062 0.093750
1 0.746875 0.905208 0.159375 0.185417
1 0.689063 0.152083 0.153125 0.225000
1 0.131250 0.218750 0.146875 0.183333
1 0.184375 0.863542 0.171875 0.181250
1 0.721094 0.090625 0.189062 0.181250
