1 0.077778 0.322314 0.150000 0.253444
1 0.070833 0.577135 0.141667 0.239669
1 0.390278 0.893939 0.219444 0.206612
1 0.236111 0.717631 0.244444 0.261708
1 0.148611 0.151515 0.241667 0.231405
1 0.827778 0.236915 0.227778 0.253444
1 0.694444 0.911846 0.233333 0.170799
1 0.630556 0.155647 0.227778 0.267218
1 0.854167 0.702479 0.219444 0.253444
1 0.376389 0.079890 0.263889 0.159780
1 0.654167 0.786501 0.236111 0.234160
1 0.868056 0.075758 0.258333 0.151515
1 0.200000 0.924242 0.205556 0.146006
1 0.840278 0.469697 0.236111 0.212121
2 0.969444 0.658402 0.055556 0.088154
0 0.501543 0.496174 0.425926 0.443832
