1 0.169922 0.236328 0.253906 0.253906
1 0.390625 0.214844 0.250000 0.273438
1 0.406250 0.482422 0.218750 0.222656
1 0.890625 0.306641 0.203125 0.277344
1 0.683594 0.095703 0.281250 0.191406
1 0.156250 0.527344 0.234375 0.250000
1 0.261719 0.699219 0.242188 0.265625
1 0.906250 0.765625 0.171875 0.250000
1 0.087891 0.828125 0.175781 0.250000
1 0.595703 0.810547 0.269531 0.277344
1 0.544922 0.314453 0.214844 0.222656
1 0.378906 0.734375 0.218750 0.250000
1 0.216797 0.435547 0.222656 0.214844
1 0.343750 0.917969 0.218750 0.156250
1 0.621094 0.251953 0.234375 0.246094
0 0.697266 0.515625 0.316406 0.359375
