1 0.523611 0.077135 0.225000 0.154270
1 0.775000 0.236915 0.183333 0.181818
1 0.052778 0.512397 0.105556 0.209366
1 0.327778 0.250689 0.244444 0.209366
1 0.065278 0.234160 0.125000 0.214876
1 0.111111 0.728650 0.222222 0.228650
1 0.231944 0.079890 0.230556 0.159780
1 0.147222 0.925620 0.250000 0.143251
1 0.920833 0.165289 0.152778 0.258953
1 0.194444 0.599174 0.216667 0.212121
1 0.526389 0.922865 0.263889 0.148760
1 0.783333 0.443526 0.233333 0.220386
1 0.848611 0.925620 0.241667 0.143251
1 0.806944 0.672176 0.225000 0.209366
1 0.294444 0.866391 0.211111 0.228650
1 0.554167 0.775482 0.225000 0.195592
2 0.719444 0.877410 0.088889 0.096419
0 0.496142 0.497398 0.341049 0.360575
