0 0.295312 0.812500 0.371875 0.370833
1 0.793750 0.602083 0.181250 0.212500
1 0.728125 0.375000 0.156250 0.216667
1 0.593750 0.402083 0.165625 0.225000
1 0.457813 0.247917 0.178125 0.187500
1 0.332813 0.071875 0.168750 0.143750
1 0.089844 0.703125 0.142187 0.235417
1 0.233594 0.223958 0.173437 0.218750
1 0.643750 0.896875 0.190625 0.197917
1 0.350000 0.380208 0.162500 0.193750
1 0.442969 0.540625 0.160938 0.181250
1 0.815625 0.134375 0.184375 0.227083
1 0.614844 0.669792 0.179688 0.256250
2 0.817969 0.286458 0.057813 0.068750
2 0.865625 0.251042 0.056250 0.081250
1 0.187500 0.335417 0.150000 0.187500
1 0.227344 0.453125 0.092188 0.206250
