1 0.855469 0.623958 0.173437 0.235417
1 0.851562 0.390625 0.168750 0.202083
1 0.119531 0.633333 0.185938 0.216667
0 0.469531 0.254167 0.314063 0.445833
1 0.266406 0.792708 0.164062 0.214583
1 0.930469 0.834375 0.132812 0.231250
1 0.929688 0.104167 0.137500 0.191667
1 0.413281 0.670833 0.173437 0.275000
1 0.069531 0.319792 0.139063 0.227083
1 0.285938 0.095833 0.171875 0.191667
1 0.092188 0.098958 0.184375 0.185417
1 0.274219 0.472917 0.179688 0.245833
2 0.578906 0.765625 0.073438 0.093750
1 0.434375 0.912500 0.168750 0.170833
2 0.584375 0.453125 0.071875 0.102083
1 0.090625 0.853125 0.181250 0.235417
1 0.672656 0.656250 0.185938 0.220833
2 0.738281 0.965625 0.057813 0.064583
1 0.686719 0.841667 0.173437 0.216667
1 0.267188 0.329167 0.171875 0.216667
