1 0.294444 0.900826 0.216667 0.192837
1 0.054167 0.760331 0.102778 0.220386
1 0.927778 0.612948 0.138889 0.195592
1 0.093056 0.079890 0.186111 0.154270
1 0.930556 0.316804 0.133333 0.203857
1 0.055556 0.271350 0.111111 0.212121
1 0.473611 0.106061 0.197222 0.212121
1 0.830556 0.475207 0.211111 0.228650
1 0.890278 0.896694 0.213889 0.201102
1 0.768056 0.699725 0.230556 0.220386
1 0.869444 0.075758 0.255556 0.151515
1 0.188889 0.629477 0.211111 0.239669
1 0.330556 0.106061 0.216667 0.206612
1 0.737500 0.280992 0.180556 0.220386
1 0.179167 0.398072 0.219444 0.206612
1 0.669444 0.196970 0.172222 0.206612
1 0.218056 0.290634 0.186111 0.190083
1 0.518056 0.898072 0.186111 0.198347
1 0.623611 0.884298 0.208333 0.203857
0 0.511111 0.505510 0.416667 0.438017
