1 0.209722 0.388430 0.191667 0.209366
1 0.798611 0.783747 0.191667 0.201102
1 0.072222 0.508264 0.144444 0.190083
1 0.855556 0.117080 0.200000 0.212121
1 0.927778 0.599174 0.138889 0.190083
1 0.077778 0.776860 0.150000 0.247934
1 0.931944 0.280992 0.130556 0.209366
1 0.123611 0.243802 0.219444 0.212121
1 0.622222 0.089532 0.233333 0.173554
1 0.584722 0.794766 0.208333 0.228650
1 0.362500 0.223140 0.230556 0.192837
1 0.366667 0.865014 0.205556 0.247934
1 0.473611 0.071625 0.191667 0.143251
1 0.262500 0.713499 0.230556 0.225895
1 0.650000 0.290634 0.216667 0.217631
2 0.861111 0.968320 0.083333 0.057851
0 0.487654 0.539945 0.351852 0.341598
1 0.830556 0.431129 0.194444 0.206612
2 0.327778 0.045455 0.088889 0.085399
1 0.755556 0.498623 0.194444 0.220386
2 0.725000 0.391185 0.066667 0.066116
