1 0.156944 0.896694 0.202778 0.195592
1 0.706944 0.349862 0.180556 0.220386
1 0.073611 0.747934 0.147222 0.217631
1 0.904167 0.092287 0.186111 0.184573
1 0.063889 0.110193 0.127778 0.220386
1 0.330556 0.820937 0.200000 0.203857
1 0.872222 0.599174 0.250000 0.234160
1 0.641667 0.887052 0.177778 0.198347
1 0.212500 0.188705 0.225000 0.234160
1 0.556944 0.220386 0.213889 0.220386
1 0.751389 0.812672 0.225000 0.225895
1 0.708333 0.571625 0.166667 0.206612
1 0.187500 0.395317 0.202778 0.212121
1 0.862500 0.195592 0.208333 0.209366
0 0.500000 0.500000 0.283333 0.283747
1 0.541667 0.736915 0.183333 0.206612
2 0.752778 0.151515 0.105556 0.099174
2 0.626389 0.688705 0.075000 0.066116
1 0.383333 0.741047 0.200000 0.198347
2 0.448611 0.348485 0.086111 0.074380
