1 0.222222 0.280992 0.194444 0.192837
1 0.148611 0.066116 0.208333 0.132231
1 0.920833 0.190083 0.152778 0.214876
1 0.243056 0.889807 0.236111 0.214876
1 0.940278 0.599174 0.113889 0.223140
1 0.059722 0.421488 0.119444 0.242424
1 0.587500 0.920110 0.225000 0.154270
1 0.648611 0.747934 0.219444 0.201102
1 0.063889 0.853994 0.122222 0.209366
1 0.884722 0.804408 0.219444 0.203857
1 0.540278 0.092287 0.230556 0.184573
1 0.420833 0.774105 0.213889 0.209366
1 0.687500 0.231405 0.219444 0.214876
1 0.741667 0.063361 0.194444 0.121212
0 0.516667 0.475207 0.438889 0.382920
