1 0.087500 0.106061 0.169444 0.212121
1 0.079167 0.907713 0.152778 0.179063
1 0.754167 0.626722 0.186111 0.179063
1 0.615278 0.243802 0.186111 0.173554
1 0.093056 0.353994 0.186111 0.195592
1 0.298611 0.071625 0.230556 0.143251
1 0.430556 0.841598 0.188889 0.179063
1 0.248611 0.243802 0.208333 0.190083
1 0.915278 0.187328 0.163889 0.220386
1 0.798611 0.358127 0.191667 0.209366
1 0.754167 0.827824 0.213889 0.190083
1 0.740278 0.059229 0.180556 0.112948
1 0.162500 0.542700 0.191667 0.176309
1 0.209722 0.865014 0.219444 0.214876
1 0.204167 0.659780 0.291667 0.173554
0 0.506944 0.498623 0.352778 0.347107
