1 0.642578 0.156250 0.246094 0.250000
1 0.544922 0.328125 0.253906 0.218750
1 0.275391 0.236328 0.285156 0.253906
1 0.136719 0.158203 0.250000 0.253906
1 0.388672 0.082031 0.246094 0.164062
1 0.080078 0.742188 0.160156 0.257812
1 0.794922 0.062500 0.222656 0.125000
1 0.876953 0.640625 0.230469 0.250000
1 0.123047 0.410156 0.246094 0.250000
1 0.906250 0.160156 0.171875 0.250000
1 0.345703 0.439453 0.230469 0.214844
1 0.781250 0.328125 0.234375 0.203125
1 0.785156 0.701172 0.250000 0.207031
1 0.781250 0.449219 0.234375 0.195312
1 0.199219 0.900391 0.234375 0.191406
1 0.171875 0.533203 0.218750 0.199219
1 0.222656 0.714844 0.171875 0.210938
0 0.498047 0.808594 0.355469 0.343750
1 0.478516 0.480469 0.214844 0.164062
