0 0.196875 0.806250 0.318750 0.383333
1 0.917188 0.456250 0.162500 0.220833
1 0.571875 0.741667 0.159375 0.208333
1 0.403125 0.690625 0.171875 0.193750
1 0.423438 0.457292 0.168750 0.231250
1 0.654687 0.394792 0.162500 0.214583
1 0.690625 0.932292 0.146875 0.131250
1 0.953906 0.231250 0.089063 0.225000
1 0.510938 0.928125 0.187500 0.139583
1 0.960156 0.708333 0.076563 0.225000
1 0.799219 0.102083 0.179688 0.200000
1 0.550000 0.191667 0.190625 0.245833
1 0.756250 0.334375 0.171875 0.231250
1 0.037500 0.681250 0.075000 0.250000
1 0.285938 0.293750 0.153125 0.220833
1 0.439844 0.057292 0.151562 0.110417
1 0.815625 0.819792 0.162500 0.197917
1 0.209375 0.090625 0.153125 0.181250
1 0.080469 0.323958 0.157812 0.206250
1 0.089063 0.520833 0.162500 0.225000
1 0.393750 0.243750 0.171875 0.208333
1 0.733594 0.576042 0.164062 0.168750
1 0.177344 0.529167 0.154688 0.200000
1 0.896875 0.075000 0.159375 0.150000
1 0.078125 0.128125 0.150000 0.206250
