1 0.895833 0.695592 0.202778 0.206612
1 0.091667 0.129477 0.183333 0.203857
1 0.098611 0.348485 0.197222 0.206612
1 0.793056 0.520661 0.202778 0.242424
1 0.425000 0.252066 0.233333 0.223140
1 0.097222 0.617080 0.194444 0.286501
1 0.675000 0.118457 0.233333 0.236915
1 0.265278 0.539945 0.197222 0.264463
0 0.504167 0.509642 0.286111 0.269972
1 0.938889 0.377410 0.116667 0.231405
2 0.847222 0.322314 0.122222 0.115702
1 0.263889 0.851240 0.222222 0.231405
1 0.195833 0.318182 0.202778 0.206612
1 0.720833 0.914601 0.263889 0.165289
1 0.754167 0.833333 0.230556 0.168044
1 0.240278 0.775482 0.186111 0.151515
