1 0.818056 0.077135 0.208333 0.154270
1 0.123611 0.139118 0.219444 0.190083
1 0.230556 0.632231 0.216667 0.206612
1 0.902778 0.252066 0.188889 0.195592
1 0.101389 0.819559 0.197222 0.206612
1 0.050000 0.311295 0.100000 0.220386
1 0.304167 0.902204 0.202778 0.190083
1 0.886111 0.754821 0.216667 0.187328
1 0.527778 0.909091 0.211111 0.176309
1 0.901389 0.468320 0.191667 0.209366
1 0.065278 0.564738 0.130556 0.220386
1 0.573611 0.727273 0.175000 0.176309
1 0.284722 0.393939 0.163889 0.214876
1 0.694444 0.352617 0.205556 0.220386
1 0.406944 0.213499 0.225000 0.212121
1 0.855556 0.947658 0.200000 0.099174
1 0.729167 0.599174 0.202778 0.234160
2 0.384722 0.761708 0.108333 0.107438
0 0.495833 0.482094 0.286111 0.308540
