1 0.906944 0.067493 0.180556 0.134986
1 0.540278 0.081267 0.219444 0.162534
1 0.051389 0.472452 0.102778 0.212121
1 0.913889 0.614325 0.166667 0.209366
1 0.927778 0.347107 0.138889 0.198347
1 0.181944 0.906336 0.230556 0.181818
1 0.544444 0.911846 0.233333 0.170799
1 0.697222 0.725895 0.227778 0.245179
1 0.108333 0.553719 0.172222 0.198347
1 0.262500 0.768595 0.208333 0.209366
1 0.908333 0.243802 0.177778 0.179063
1 0.450000 0.257576 0.272222 0.206612
1 0.830556 0.559229 0.166667 0.203857
1 0.497222 0.155647 0.211111 0.162534
0 0.520062 0.504285 0.345679 0.346801
1 0.250000 0.648760 0.200000 0.157025
