1 0.929565 0.576522 0.137391 0.269565
1 0.688696 0.906087 0.233043 0.184348
1 0.325217 0.924348 0.229565 0.147826
1 0.109565 0.763478 0.208696 0.208696
1 0.153913 0.263478 0.203478 0.220870
1 0.943478 0.873043 0.109565 0.208696
1 0.751304 0.628696 0.208696 0.220870
1 0.913913 0.133043 0.168696 0.248696
1 0.673043 0.099130 0.302609 0.198261
1 0.173043 0.582609 0.200000 0.219130
1 0.768696 0.300870 0.250435 0.236522
1 0.285217 0.057391 0.253913 0.114783
1 0.531304 0.765217 0.248696 0.208696
0 0.520870 0.467826 0.488696 0.396522
1 0.380870 0.771304 0.208696 0.220870
