1 0.658333 0.112948 0.188889 0.225895
1 0.616667 0.936639 0.211111 0.121212
1 0.211111 0.330579 0.205556 0.220386
1 0.352778 0.152893 0.211111 0.223140
1 0.773611 0.753444 0.208333 0.245179
1 0.143056 0.106061 0.208333 0.212121
1 0.190278 0.853994 0.225000 0.253444
1 0.069444 0.582645 0.138889 0.206612
1 0.169444 0.592287 0.188889 0.220386
1 0.877778 0.326446 0.216667 0.217631
1 0.509722 0.797521 0.219444 0.223140
1 0.337500 0.760331 0.208333 0.220386
1 0.741667 0.278237 0.222222 0.214876
0 0.490278 0.522039 0.469444 0.454545
