1 0.123047 0.810547 0.246094 0.277344
1 0.345703 0.773438 0.292969 0.257812
1 0.791016 0.890625 0.253906 0.203125
1 0.861328 0.748047 0.261719 0.222656
1 0.578125 0.828125 0.296875 0.250000
1 0.812500 0.589844 0.312500 0.257812
1 0.703125 0.210938 0.265625 0.304688
1 0.068359 0.183594 0.136719 0.273438
1 0.232422 0.361328 0.238281 0.253906
1 0.337891 0.228516 0.277344 0.261719
1 0.228516 0.906250 0.277344 0.171875
1 0.867188 0.144531 0.203125 0.289062
1 0.406250 0.093750 0.265625 0.187500
1 0.734375 0.404297 0.265625 0.277344
0 0.449219 0.525391 0.343750 0.378906
1 0.080078 0.357422 0.160156 0.253906
1 0.529297 0.359375 0.269531 0.281250
