0 0.501563 0.175000 0.321875 0.333333
1 0.203125 0.609375 0.168750 0.202083
1 0.751563 0.714583 0.171875 0.208333
1 0.246094 0.352083 0.173437 0.225000
1 0.353125 0.710417 0.159375 0.204167
1 0.603125 0.508333 0.162500 0.212500
1 0.089063 0.326042 0.150000 0.202083
1 0.142969 0.877083 0.167187 0.187500
1 0.474219 0.715625 0.154688 0.206250
1 0.907813 0.668750 0.150000 0.212500
1 0.046094 0.833333 0.089063 0.195833
1 0.800000 0.257292 0.156250 0.189583
2 0.625000 0.923958 0.075000 0.093750
1 0.909375 0.173958 0.165625 0.218750
2 0.117969 0.028125 0.057813 0.056250
1 0.140625 0.122917 0.165625 0.195833
1 0.368750 0.446875 0.096875 0.239583
1 0.459375 0.450000 0.140625 0.241667
1 0.733594 0.915625 0.154688 0.156250
1 0.879687 0.888542 0.162500 0.202083
1 0.736719 0.428125 0.126562 0.231250
1 0.809375 0.487500 0.134375 0.166667
1 0.920312 0.415625 0.156250 0.202083
