0 0.549219 0.192708 0.389062 0.368750
1 0.262500 0.796875 0.168750 0.189583
1 0.478125 0.893750 0.137500 0.187500
1 0.092188 0.737500 0.150000 0.187500
1 0.690625 0.923958 0.162500 0.147917
1 0.218750 0.450000 0.162500 0.204167
2 0.368750 0.197917 0.071875 0.100000
1 0.102344 0.287500 0.176563 0.208333
1 0.775000 0.438542 0.162500 0.231250
1 0.925000 0.808333 0.146875 0.237500
1 0.893750 0.253125 0.143750 0.214583
2 0.839844 0.119792 0.067187 0.089583
1 0.142969 0.097917 0.170313 0.187500
1 0.936719 0.081250 0.123438 0.162500
1 0.174219 0.945833 0.167187 0.104167
1 0.353125 0.937500 0.168750 0.120833
1 0.524219 0.504167 0.164062 0.170833
1 0.336719 0.057292 0.157812 0.110417
1 0.625000 0.514583 0.156250 0.200000
1 0.868750 0.468750 0.156250 0.212500
1 0.381250 0.542708 0.159375 0.177083
1 0.139063 0.642708 0.181250 0.218750
1 0.080469 0.486458 0.145313 0.193750
