1 0.076389 0.838843 0.152778 0.201102
1 0.191667 0.723140 0.200000 0.217631
1 0.690278 0.728650 0.191667 0.206612
1 0.594444 0.907713 0.211111 0.179063
1 0.218056 0.118457 0.202778 0.214876
1 0.886111 0.630854 0.216667 0.225895
1 0.450000 0.163912 0.250000 0.206612
1 0.762500 0.348485 0.191667 0.206612
1 0.915278 0.895317 0.163889 0.198347
1 0.908333 0.380165 0.177778 0.187328
1 0.050000 0.568871 0.100000 0.245179
1 0.780556 0.128099 0.233333 0.206612
1 0.761111 0.053719 0.200000 0.107438
0 0.500772 0.502602 0.344136 0.449342
