1 0.575000 0.166667 0.233333 0.217631
1 0.915278 0.881543 0.163889 0.220386
1 0.826389 0.482094 0.186111 0.192837
1 0.937500 0.657025 0.119444 0.190083
1 0.609722 0.940771 0.241667 0.112948
1 0.215278 0.404959 0.191667 0.220386
1 0.402778 0.760331 0.227778 0.192837
1 0.805556 0.239669 0.233333 0.225895
1 0.269444 0.887052 0.211111 0.220386
1 0.644444 0.769972 0.216667 0.228650
1 0.241667 0.099174 0.205556 0.192837
1 0.198611 0.646006 0.208333 0.217631
1 0.122222 0.528926 0.194444 0.220386
1 0.354167 0.126722 0.208333 0.209366
1 0.079167 0.904959 0.158333 0.184573
1 0.841667 0.685950 0.200000 0.209366
1 0.469444 0.925620 0.177778 0.143251
1 0.105556 0.236915 0.200000 0.214876
2 0.130556 0.797521 0.077778 0.085399
0 0.518056 0.491736 0.441667 0.432507
