1 0.741667 0.900826 0.205556 0.192837
1 0.183333 0.913223 0.211111 0.168044
1 0.094444 0.552342 0.188889 0.217631
1 0.938889 0.734160 0.116667 0.217631
1 0.630556 0.115702 0.255556 0.220386
1 0.768056 0.690083 0.236111 0.223140
1 0.883333 0.170799 0.227778 0.225895
1 0.831944 0.395317 0.225000 0.267218
0 0.504167 0.501377 0.280556 0.275482
1 0.272222 0.651515 0.205556 0.256198
1 0.209722 0.122590 0.247222 0.245179
1 0.609722 0.300275 0.263889 0.214876
1 0.526389 0.865014 0.219444 0.225895
1 0.251389 0.381543 0.241667 0.245179
1 0.359722 0.268595 0.236111 0.179063
