1 0.091304 0.396522 0.182609 0.243478
1 0.057391 0.649565 0.114783 0.266087
1 0.548696 0.097391 0.234783 0.191304
1 0.887826 0.632174 0.220870 0.280000
1 0.113043 0.169565 0.222609 0.227826
1 0.233913 0.624348 0.227826 0.240000
1 0.284348 0.227826 0.241739 0.250435
1 0.315652 0.056522 0.234783 0.109565
1 0.293913 0.874783 0.292174 0.243478
1 0.648696 0.783478 0.253913 0.248696
1 0.599130 0.920870 0.248696 0.151304
0 0.499130 0.455652 0.396522 0.413913
1 0.748696 0.192174 0.231304 0.213913
1 0.879130 0.135652 0.120000 0.215652
1 0.771304 0.334783 0.227826 0.196522
