0 0.389062 0.513542 0.350000 0.456250
1 0.830469 0.514583 0.160938 0.204167
1 0.846094 0.739583 0.189062 0.225000
1 0.678906 0.278125 0.173437 0.218750
1 0.896875 0.913542 0.162500 0.168750
1 0.247656 0.215625 0.160938 0.197917
1 0.057813 0.273958 0.115625 0.239583
1 0.681250 0.872917 0.165625 0.220833
1 0.335156 0.897917 0.198437 0.200000
1 0.117969 0.518750 0.185938 0.258333
1 0.588281 0.639583 0.167187 0.270833
2 0.224219 0.786458 0.067187 0.089583
1 0.082812 0.731250 0.165625 0.195833
1 0.450781 0.137500 0.176563 0.216667
1 0.277344 0.064583 0.157812 0.129167
1 0.948438 0.373958 0.100000 0.252083
1 0.956250 0.532292 0.084375 0.222917
1 0.810937 0.152083 0.146875 0.250000
