1 0.158203 0.515625 0.230469 0.265625
1 0.535156 0.222656 0.226562 0.203125
1 0.611328 0.886719 0.222656 0.210938
1 0.923828 0.845703 0.136719 0.222656
1 0.093750 0.890625 0.187500 0.203125
1 0.480469 0.869141 0.234375 0.214844
1 0.595703 0.136719 0.230469 0.195312
1 0.089844 0.152344 0.179688 0.234375
1 0.263672 0.734375 0.214844 0.234375
1 0.324219 0.154297 0.242188 0.292969
1 0.119141 0.273438 0.207031 0.226562
1 0.121094 0.074219 0.226562 0.148438
1 0.857422 0.433594 0.230469 0.210938
1 0.304688 0.857422 0.226562 0.246094
1 0.173828 0.906250 0.214844 0.171875
1 0.921875 0.626953 0.140625 0.214844
0 0.496094 0.521484 0.359375 0.363281
1 0.718750 0.855469 0.234375 0.218750
1 0.859375 0.242188 0.203125 0.226562
1 0.763672 0.703125 0.222656 0.218750
1 0.859375 0.636719 0.203125 0.226562
