0 0.382812 0.834375 0.300000 0.327083
1 0.368750 0.345833 0.171875 0.233333
1 0.275000 0.071875 0.162500 0.143750
1 0.201563 0.296875 0.178125 0.243750
1 0.492188 0.219792 0.156250 0.214583
1 0.562500 0.591667 0.146875 0.208333
1 0.856250 0.755208 0.162500 0.210417
1 0.071094 0.469792 0.142187 0.235417
1 0.939844 0.300000 0.117188 0.212500
1 0.883594 0.177083 0.179688 0.225000
1 0.656250 0.952083 0.162500 0.091667
1 0.058594 0.209375 0.114062 0.256250
1 0.659375 0.715625 0.162500 0.193750
1 0.676562 0.313542 0.162500 0.197917
1 0.640625 0.207292 0.165625 0.197917
1 0.256250 0.652083 0.165625 0.225000
1 0.818750 0.440625 0.187500 0.256250
1 0.712500 0.777083 0.150000 0.200000
1 0.935937 0.553125 0.125000 0.214583
1 0.558594 0.127083 0.164062 0.237500
1 0.955469 0.550000 0.085938 0.212500
1 0.139063 0.796875 0.168750 0.168750
1 0.174219 0.940625 0.139063 0.114583
1 0.136719 0.618750 0.135937 0.170833
