1 0.562500 0.431641 0.281250 0.269531
1 0.279297 0.154297 0.292969 0.285156
1 0.156250 0.921875 0.281250 0.140625
1 0.181641 0.777344 0.238281 0.257812
1 0.748047 0.578125 0.261719 0.250000
1 0.166016 0.548828 0.261719 0.308594
1 0.617188 0.310547 0.257812 0.253906
1 0.777344 0.705078 0.250000 0.253906
1 0.792969 0.865234 0.265625 0.253906
1 0.783203 0.453125 0.253906 0.234375
1 0.121094 0.251953 0.242188 0.253906
1 0.830078 0.140625 0.207031 0.218750
1 0.265625 0.496094 0.250000 0.257812
1 0.847656 0.357422 0.250000 0.238281
1 0.439453 0.123047 0.253906 0.246094
1 0.111328 0.082031 0.222656 0.164062
1 0.531250 0.109375 0.234375 0.218750
1 0.900391 0.869141 0.191406 0.253906
0 0.466797 0.697266 0.363281 0.355469
