1 0.071304 0.826957 0.142609 0.262609
1 0.946087 0.612174 0.104348 0.264348
1 0.760870 0.458261 0.189565 0.304348
1 0.101739 0.160870 0.203478 0.283478
1 0.471304 0.941739 0.250435 0.113043
1 0.225217 0.900000 0.252174 0.196522
1 0.889565 0.326957 0.213913 0.302609
1 0.123478 0.616522 0.243478 0.231304
1 0.666957 0.186957 0.238261 0.248696
1 0.502609 0.074783 0.260870 0.146087
1 0.117391 0.402609 0.234783 0.206957
1 0.619130 0.770435 0.226087 0.226087
1 0.839130 0.843478 0.217391 0.271304
0 0.496522 0.482609 0.360000 0.398261
