1 0.911111 0.342975 0.172222 0.217631
1 0.520833 0.163912 0.208333 0.206612
1 0.945833 0.133609 0.102778 0.228650
1 0.338889 0.261708 0.188889 0.198347
1 0.154167 0.783747 0.241667 0.245179
1 0.391667 0.844353 0.238889 0.256198
1 0.790278 0.526171 0.230556 0.225895
1 0.770833 0.749311 0.252778 0.225895
1 0.756944 0.103306 0.275000 0.206612
2 0.041667 0.926997 0.083333 0.079890
1 0.193056 0.535813 0.241667 0.289256
0 0.497840 0.498776 0.325309 0.444751
1 0.575000 0.929752 0.211111 0.134986
1 0.686111 0.921488 0.194444 0.151515
