1 0.286111 0.736915 0.205556 0.212121
1 0.736111 0.844353 0.205556 0.206612
1 0.059722 0.438017 0.119444 0.236915
1 0.925000 0.840220 0.144444 0.220386
1 0.104167 0.169421 0.202778 0.212121
1 0.930556 0.139118 0.133333 0.234160
1 0.852778 0.643251 0.194444 0.190083
1 0.755556 0.136364 0.200000 0.261708
1 0.269444 0.926997 0.216667 0.140496
1 0.218056 0.337466 0.213889 0.195592
1 0.891667 0.371901 0.211111 0.214876
1 0.555556 0.209366 0.205556 0.209366
1 0.341667 0.170799 0.211111 0.214876
1 0.777778 0.538567 0.194444 0.223140
1 0.509722 0.807163 0.219444 0.203857
2 0.134722 0.931129 0.069444 0.071625
0 0.491667 0.501377 0.383333 0.363636
