1 0.825000 0.727273 0.188889 0.214876
1 0.061111 0.490358 0.122222 0.187328
1 0.931944 0.847107 0.130556 0.212121
1 0.751389 0.077135 0.175000 0.154270
1 0.919444 0.101928 0.155556 0.203857
1 0.052778 0.871901 0.105556 0.217631
1 0.522222 0.213499 0.211111 0.223140
0 0.502778 0.498623 0.283333 0.275482
1 0.820833 0.428375 0.236111 0.250689
1 0.558333 0.735537 0.183333 0.198347
1 0.534722 0.929752 0.252778 0.134986
1 0.370833 0.772727 0.236111 0.228650
1 0.723611 0.581267 0.219444 0.187328
1 0.658333 0.707989 0.150000 0.176309
1 0.098611 0.282369 0.197222 0.223140
1 0.226389 0.446281 0.213889 0.242424
1 0.279167 0.235537 0.158333 0.179063
1 0.050000 0.305785 0.100000 0.192837
1 0.359722 0.269972 0.136111 0.181818
1 0.263889 0.393939 0.138889 0.143251
