1 0.687500 0.068871 0.208333 0.137741
1 0.941667 0.853994 0.111111 0.203857
1 0.927778 0.484848 0.138889 0.170799
1 0.729167 0.370523 0.163889 0.179063
1 0.518056 0.918733 0.169444 0.157025
1 0.901389 0.713499 0.163889 0.176309
1 0.708333 0.767218 0.183333 0.179063
1 0.076389 0.830579 0.147222 0.157025
1 0.805556 0.933884 0.122222 0.126722
1 0.127778 0.059229 0.144444 0.112948
1 0.159722 0.957300 0.169444 0.079890
1 0.080556 0.225895 0.161111 0.231405
1 0.530556 0.731405 0.177778 0.168044
2 0.930556 0.283747 0.111111 0.126722
1 0.270833 0.078512 0.158333 0.157025
1 0.229167 0.746556 0.191667 0.203857
1 0.190278 0.319559 0.152778 0.137741
1 0.243056 0.391185 0.175000 0.148760
1 0.486111 0.136364 0.194444 0.179063
0 0.501389 0.498623 0.291667 0.297521
1 0.172222 0.666667 0.194444 0.176309
2 0.300000 0.606061 0.066667 0.071625
1 0.254167 0.515152 0.158333 0.148760
