1 0.891304 0.100000 0.210435 0.200000
1 0.309565 0.790435 0.240000 0.241739
1 0.789565 0.731304 0.253913 0.262609
1 0.177391 0.096522 0.243478 0.189565
1 0.123478 0.649565 0.184348 0.231304
1 0.754783 0.268696 0.229565 0.241739
1 0.506087 0.131304 0.253913 0.262609
1 0.932174 0.313913 0.132174 0.238261
1 0.231304 0.349565 0.250435 0.271304
1 0.074783 0.373913 0.146087 0.253913
1 0.535652 0.869565 0.236522 0.257391
1 0.884348 0.531304 0.227826 0.227826
1 0.666957 0.911304 0.231304 0.170435
0 0.513043 0.513043 0.417391 0.448696
