1 0.822266 0.609375 0.246094 0.250000
1 0.468750 0.910156 0.234375 0.164062
1 0.751953 0.796875 0.199219 0.218750
1 0.267578 0.187500 0.269531 0.265625
1 0.923828 0.876953 0.136719 0.230469
1 0.201172 0.773438 0.238281 0.242188
1 0.578125 0.783203 0.218750 0.246094
1 0.929688 0.171875 0.132812 0.234375
1 0.074219 0.841797 0.148438 0.261719
1 0.607422 0.283203 0.277344 0.246094
1 0.773438 0.089844 0.234375 0.179688
1 0.189453 0.373047 0.246094 0.207031
1 0.699219 0.435547 0.242188 0.214844
0 0.453125 0.562500 0.468750 0.398438
