1 0.316667 0.741047 0.233333 0.203857
1 0.108333 0.351240 0.216667 0.206612
1 0.070833 0.590909 0.141667 0.206612
1 0.295833 0.432507 0.213889 0.198347
1 0.133333 0.108815 0.155556 0.217631
1 0.870833 0.230028 0.230556 0.250689
1 0.656944 0.185950 0.208333 0.245179
1 0.868056 0.644628 0.252778 0.198347
1 0.937500 0.816804 0.119444 0.212121
1 0.868056 0.438017 0.258333 0.203857
1 0.163889 0.596419 0.166667 0.212121
1 0.393056 0.856749 0.258333 0.220386
1 0.130556 0.931129 0.222222 0.132231
0 0.502006 0.501377 0.257099 0.319559
1 0.637500 0.345730 0.219444 0.212121
2 0.911111 0.174931 0.072222 0.074380
