0 0.806250 0.675000 0.337500 0.462500
1 0.912500 0.133333 0.171875 0.212500
1 0.325000 0.700000 0.162500 0.229167
1 0.074219 0.629167 0.148438 0.195833
1 0.214844 0.484375 0.170313 0.227083
1 0.311719 0.112500 0.167187 0.208333
1 0.700000 0.075000 0.196875 0.150000
1 0.506250 0.712500 0.181250 0.200000
1 0.471875 0.571875 0.181250 0.206250
1 0.418750 0.128125 0.175000 0.231250
1 0.058594 0.107292 0.117188 0.210417
1 0.325000 0.443750 0.156250 0.250000
1 0.450000 0.911458 0.165625 0.172917
1 0.678125 0.942708 0.162500 0.110417
1 0.096875 0.310417 0.190625 0.212500
1 0.960938 0.489583 0.075000 0.250000
1 0.196875 0.923958 0.140625 0.147917
1 0.928125 0.906250 0.140625 0.183333
1 0.596875 0.820833 0.146875 0.150000
1 0.740625 0.343750 0.187500 0.220833
1 0.714844 0.271875 0.160938 0.197917
