1 0.076389 0.090909 0.152778 0.181818
1 0.102778 0.705234 0.205556 0.209366
1 0.944444 0.261708 0.105556 0.236915
1 0.079167 0.909091 0.158333 0.176309
1 0.927778 0.488981 0.138889 0.223140
1 0.186111 0.188705 0.222222 0.239669
1 0.691667 0.265840 0.255556 0.212121
1 0.456944 0.112948 0.230556 0.220386
1 0.793056 0.329201 0.186111 0.217631
1 0.716667 0.075758 0.222222 0.151515
1 0.345833 0.915978 0.236111 0.162534
1 0.269444 0.363636 0.200000 0.225895
1 0.356944 0.278237 0.180556 0.192837
0 0.501389 0.505510 0.375000 0.366391
