1 0.909722 0.406336 0.175000 0.195592
1 0.101389 0.608815 0.202778 0.214876
1 0.113889 0.212121 0.216667 0.269972
1 0.898611 0.082645 0.197222 0.165289
1 0.218056 0.938017 0.219444 0.118457
1 0.830556 0.672176 0.200000 0.258953
1 0.313889 0.078512 0.233333 0.157025
1 0.730556 0.362259 0.194444 0.239669
1 0.168056 0.727273 0.236111 0.209366
1 0.668056 0.133609 0.241667 0.234160
1 0.788889 0.884298 0.244444 0.192837
1 0.344444 0.885675 0.222222 0.212121
2 0.865278 0.539945 0.086111 0.088154
0 0.496451 0.657178 0.457716 0.432201
0 0.390895 0.318641 0.468210 0.431589
