1 0.671875 0.113281 0.265625 0.226562
1 0.154297 0.283203 0.277344 0.277344
1 0.220703 0.625000 0.238281 0.281250
1 0.779297 0.873047 0.285156 0.246094
1 0.867188 0.076172 0.257812 0.152344
1 0.501953 0.888672 0.253906 0.214844
1 0.765625 0.341797 0.265625 0.277344
1 0.623047 0.605469 0.277344 0.273438
1 0.746094 0.666016 0.250000 0.246094
1 0.150391 0.093750 0.253906 0.187500
1 0.189453 0.892578 0.246094 0.191406
1 0.390625 0.873047 0.234375 0.246094
1 0.847656 0.558594 0.250000 0.210938
1 0.078125 0.720703 0.156250 0.269531
1 0.861328 0.697266 0.214844 0.207031
1 0.890625 0.359375 0.203125 0.218750
0 0.478516 0.300781 0.347656 0.367188
1 0.187500 0.173828 0.218750 0.214844
1 0.890625 0.888672 0.203125 0.214844
1 0.087891 0.791016 0.175781 0.199219
