1 0.090278 0.198347 0.180556 0.214876
1 0.886111 0.903581 0.205556 0.187328
1 0.648611 0.232782 0.197222 0.212121
1 0.115278 0.881543 0.219444 0.209366
1 0.893056 0.345730 0.208333 0.195592
1 0.802778 0.535813 0.222222 0.212121
1 0.273611 0.314050 0.191667 0.209366
1 0.850000 0.139118 0.216667 0.256198
1 0.304167 0.774105 0.236111 0.209366
1 0.550000 0.940771 0.250000 0.112948
1 0.808333 0.819559 0.211111 0.212121
1 0.076389 0.073003 0.152778 0.146006
1 0.345833 0.212121 0.225000 0.198347
0 0.497994 0.505969 0.381790 0.433425
