1 0.841667 0.900826 0.200000 0.192837
1 0.345833 0.786501 0.208333 0.250689
1 0.162500 0.893939 0.219444 0.206612
1 0.795833 0.533058 0.191667 0.250689
1 0.184722 0.466942 0.213889 0.212121
1 0.823611 0.308540 0.225000 0.203857
1 0.379167 0.104683 0.213889 0.209366
1 0.905556 0.241047 0.183333 0.195592
1 0.150000 0.217631 0.238889 0.203857
2 0.554167 0.841598 0.080556 0.079890
1 0.484722 0.055096 0.258333 0.110193
1 0.104167 0.133609 0.208333 0.184573
0 0.501389 0.502755 0.347222 0.432507
1 0.638889 0.947199 0.212963 0.100092
