1 0.946087 0.866957 0.104348 0.252174
1 0.069565 0.560870 0.139130 0.255652
1 0.324348 0.090435 0.241739 0.177391
1 0.266957 0.741739 0.259130 0.255652
1 0.506957 0.913913 0.238261 0.168696
1 0.486957 0.206087 0.253913 0.241739
1 0.766957 0.875652 0.250435 0.245217
1 0.106087 0.183478 0.212174 0.220870
1 0.240870 0.374783 0.245217 0.217391
1 0.837391 0.477391 0.213913 0.255652
1 0.883478 0.285217 0.229565 0.236522
1 0.561739 0.080870 0.236522 0.158261
1 0.136522 0.941739 0.269565 0.113043
0 0.517003 0.513140 0.446179 0.452366
