1 0.875000 0.273438 0.234375 0.265625
1 0.861328 0.523438 0.261719 0.273438
1 0.515625 0.906250 0.250000 0.171875
1 0.562500 0.728516 0.218750 0.261719
1 0.125000 0.244141 0.250000 0.238281
1 0.748047 0.847656 0.277344 0.218750
1 0.546875 0.113281 0.265625 0.226562
1 0.699219 0.263672 0.242188 0.269531
1 0.783203 0.689453 0.253906 0.230469
1 0.152344 0.882812 0.250000 0.210938
1 0.156250 0.656250 0.250000 0.234375
1 0.419922 0.701172 0.253906 0.253906
0 0.343750 0.384766 0.585938 0.417969
1 0.312500 0.822266 0.234375 0.238281
