1 0.079167 0.129477 0.158333 0.198347
1 0.298611 0.863636 0.202778 0.217631
1 0.587500 0.761708 0.202778 0.206612
1 0.731944 0.621212 0.202778 0.201102
1 0.273611 0.126722 0.197222 0.198347
1 0.925000 0.608815 0.144444 0.203857
1 0.495833 0.921488 0.230556 0.151515
1 0.656944 0.101928 0.236111 0.203857
1 0.191667 0.534435 0.211111 0.214876
1 0.180556 0.863636 0.155556 0.223140
1 0.877778 0.340220 0.205556 0.217631
1 0.769444 0.932507 0.194444 0.129477
1 0.822222 0.796143 0.233333 0.192837
1 0.669444 0.292011 0.211111 0.220386
1 0.177778 0.319559 0.222222 0.198347
1 0.890278 0.107438 0.213889 0.209366
0 0.510494 0.494031 0.438889 0.377717
