0 0.174219 0.660417 0.335938 0.479167
1 0.430469 0.844792 0.176563 0.210417
1 0.678906 0.682292 0.176563 0.206250
1 0.887500 0.697917 0.171875 0.200000
1 0.928125 0.205208 0.140625 0.252083
1 0.601562 0.882292 0.156250 0.210417
1 0.112500 0.254167 0.162500 0.208333
1 0.271875 0.241667 0.146875 0.183333
1 0.428125 0.578125 0.156250 0.189583
1 0.731250 0.157292 0.150000 0.189583
1 0.644531 0.479167 0.167187 0.204167
1 0.423438 0.141667 0.159375 0.212500
1 0.540625 0.068750 0.165625 0.137500
1 0.297656 0.063542 0.160938 0.127083
1 0.587500 0.270833 0.153125 0.241667
1 0.812500 0.546875 0.131250 0.160417
1 0.276562 0.921875 0.143750 0.152083
1 0.433594 0.366667 0.167187 0.245833
1 0.050000 0.426042 0.100000 0.210417
2 0.871094 0.027083 0.073438 0.054167
