1 0.312500 0.077135 0.225000 0.154270
1 0.100000 0.239669 0.200000 0.198347
1 0.916667 0.292011 0.161111 0.220386
1 0.654167 0.692837 0.247222 0.245179
1 0.115278 0.615702 0.230556 0.261708
1 0.215278 0.943526 0.213889 0.107438
1 0.775000 0.504132 0.244444 0.225895
1 0.197222 0.410468 0.211111 0.220386
1 0.881944 0.198347 0.213889 0.209366
0 0.502778 0.497245 0.250000 0.272727
1 0.740278 0.892562 0.258333 0.209366
1 0.916667 0.809917 0.161111 0.242424
2 0.230556 0.853994 0.094444 0.093664
1 0.300000 0.411846 0.155556 0.228650
2 0.113889 0.073003 0.111111 0.118457
1 0.837500 0.841598 0.186111 0.212121
1 0.704167 0.370523 0.141667 0.151515
