1 0.079167 0.760331 0.158333 0.253444
1 0.894444 0.475207 0.205556 0.300275
1 0.762500 0.917355 0.230556 0.159780
1 0.898611 0.739669 0.197222 0.250689
1 0.343056 0.814050 0.275000 0.278237
1 0.331944 0.206612 0.258333 0.258953
1 0.829167 0.276860 0.236111 0.245179
1 0.425000 0.112948 0.244444 0.225895
1 0.693056 0.743802 0.230556 0.236915
1 0.127778 0.673554 0.238889 0.250689
2 0.727778 0.129477 0.083333 0.082645
2 0.093056 0.337466 0.075000 0.079890
0 0.488889 0.508264 0.438889 0.410468
2 0.786111 0.152893 0.055556 0.068871
