1 0.937391 0.177391 0.121739 0.240000
1 0.083478 0.083478 0.163478 0.166957
1 0.575652 0.918261 0.260870 0.160000
1 0.271304 0.346957 0.222609 0.241739
1 0.113043 0.295652 0.215652 0.253913
1 0.053043 0.526087 0.106087 0.227826
1 0.745217 0.491304 0.200000 0.248696
1 0.071304 0.881739 0.142609 0.233043
1 0.678261 0.736522 0.243478 0.227826
1 0.189565 0.898261 0.240000 0.200000
1 0.456522 0.119130 0.255652 0.224348
1 0.562609 0.286087 0.269565 0.200000
0 0.501739 0.503478 0.328696 0.353043
2 0.555652 0.037391 0.116522 0.074783
