0 0.678125 0.837500 0.387500 0.320833
1 0.812500 0.069792 0.150000 0.135417
1 0.073438 0.462500 0.143750 0.200000
1 0.233594 0.093750 0.151562 0.187500
1 0.417187 0.896875 0.156250 0.197917
1 0.377344 0.078125 0.142187 0.156250
1 0.525000 0.218750 0.168750 0.208333
1 0.267969 0.350000 0.170313 0.195833
1 0.415625 0.731250 0.165625 0.204167
1 0.076563 0.150000 0.150000 0.208333
1 0.156250 0.708333 0.140625 0.254167
1 0.928125 0.812500 0.140625 0.237500
1 0.787500 0.596875 0.150000 0.193750
1 0.537500 0.062500 0.137500 0.125000
1 0.693750 0.193750 0.162500 0.200000
2 0.023438 0.616667 0.043750 0.087500
1 0.575000 0.458333 0.181250 0.175000
1 0.912500 0.660417 0.146875 0.208333
2 0.642188 0.553125 0.056250 0.064583
1 0.673438 0.397917 0.156250 0.225000
1 0.938281 0.434375 0.120313 0.222917
1 0.778125 0.254167 0.096875 0.179167
1 0.162500 0.285417 0.140625 0.200000
1 0.250000 0.928125 0.115625 0.139583
1 0.150000 0.915625 0.156250 0.164583
