1 0.265625 0.298828 0.250000 0.277344
1 0.142578 0.121094 0.285156 0.242188
1 0.326172 0.753906 0.269531 0.265625
1 0.814453 0.902344 0.277344 0.187500
1 0.908203 0.580078 0.167969 0.261719
1 0.794922 0.197266 0.308594 0.261719
1 0.759766 0.705078 0.253906 0.246094
1 0.531250 0.210938 0.281250 0.273438
1 0.107422 0.392578 0.214844 0.277344
1 0.314453 0.921875 0.269531 0.140625
1 0.228516 0.619141 0.300781 0.292969
1 0.093750 0.775391 0.187500 0.238281
1 0.160156 0.906250 0.250000 0.171875
1 0.917969 0.345703 0.156250 0.246094
1 0.767578 0.402344 0.214844 0.250000
1 0.435547 0.369141 0.246094 0.238281
1 0.378906 0.078125 0.296875 0.156250
1 0.667969 0.392578 0.210938 0.269531
0 0.517578 0.546875 0.332031 0.328125
