1 0.079687 0.105208 0.159375 0.210417
1 0.314063 0.536458 0.175000 0.218750
0 0.503906 0.816667 0.345313 0.362500
1 0.079687 0.886458 0.159375 0.214583
1 0.107031 0.639583 0.182812 0.225000
1 0.667188 0.081250 0.168750 0.162500
1 0.735156 0.506250 0.173437 0.212500
1 0.846875 0.103125 0.178125 0.206250
1 0.198437 0.391667 0.143750 0.191667
1 0.272656 0.936458 0.148438 0.122917
1 0.942969 0.735417 0.110937 0.225000
1 0.235156 0.155208 0.173437 0.247917
1 0.950781 0.266667 0.095312 0.212500
1 0.507031 0.327083 0.192188 0.250000
1 0.766406 0.802083 0.160938 0.216667
1 0.276562 0.766667 0.165625 0.195833
2 0.332813 0.232292 0.084375 0.102083
1 0.535937 0.553125 0.196875 0.197917
1 0.532813 0.164583 0.175000 0.208333
2 0.375000 0.050000 0.081250 0.091667
2 0.026562 0.744792 0.053125 0.089583
1 0.848437 0.857292 0.181250 0.222917
