1 0.081739 0.126957 0.163478 0.250435
1 0.931304 0.137391 0.133913 0.257391
1 0.404348 0.881739 0.224348 0.229565
1 0.801739 0.664348 0.233043 0.278261
1 0.645217 0.846087 0.257391 0.238261
1 0.096522 0.443478 0.189565 0.253913
1 0.764348 0.080870 0.241739 0.158261
1 0.236522 0.633043 0.250435 0.253913
1 0.941739 0.474783 0.113043 0.278261
1 0.177391 0.931304 0.253913 0.133913
1 0.713043 0.369565 0.236522 0.206957
0 0.502609 0.510435 0.326957 0.328696
1 0.349565 0.314783 0.274783 0.246957
1 0.253913 0.193913 0.257391 0.217391
1 0.739130 0.250435 0.240000 0.173913
