1 0.906944 0.388430 0.180556 0.220386
1 0.537500 0.209366 0.219444 0.214876
1 0.854167 0.049587 0.219444 0.099174
1 0.052778 0.842975 0.105556 0.242424
1 0.084722 0.118457 0.169444 0.225895
1 0.501389 0.925620 0.258333 0.143251
1 0.755556 0.519284 0.183333 0.223140
1 0.734722 0.855372 0.241667 0.245179
1 0.573611 0.747934 0.269444 0.223140
1 0.147222 0.351240 0.222222 0.212121
1 0.291667 0.187328 0.227778 0.220386
1 0.877778 0.926997 0.238889 0.134986
1 0.837500 0.245179 0.241667 0.242424
2 0.334722 0.031680 0.097222 0.063361
0 0.501389 0.498623 0.336111 0.369146
