0 0.392188 0.690625 0.300000 0.406250
1 0.317188 0.401042 0.153125 0.210417
1 0.071094 0.560417 0.142187 0.191667
1 0.124219 0.221875 0.170313 0.227083
1 0.571094 0.066667 0.135937 0.129167
1 0.635938 0.825000 0.156250 0.191667
1 0.506250 0.367708 0.168750 0.231250
1 0.739844 0.081250 0.170313 0.162500
1 0.668750 0.388542 0.165625 0.218750
1 0.777344 0.873958 0.157812 0.193750
1 0.618750 0.596875 0.156250 0.206250
1 0.179688 0.734375 0.153125 0.235417
1 0.253125 0.088542 0.181250 0.172917
1 0.720313 0.604167 0.159375 0.200000
1 0.861719 0.065625 0.148438 0.131250
1 0.103125 0.062500 0.128125 0.125000
1 0.217188 0.918750 0.150000 0.158333
1 0.118750 0.916667 0.162500 0.162500
1 0.800000 0.253125 0.181250 0.235417
1 0.939844 0.234375 0.117188 0.193750
1 0.940625 0.870833 0.115625 0.250000
