1 0.906944 0.143251 0.180556 0.253444
1 0.918056 0.814050 0.158333 0.195592
1 0.061111 0.162534 0.116667 0.225895
1 0.588889 0.078512 0.200000 0.157025
1 0.890278 0.451791 0.213889 0.220386
1 0.218056 0.820937 0.230556 0.209366
1 0.266667 0.110193 0.238889 0.214876
1 0.130556 0.947658 0.216667 0.099174
1 0.206944 0.384298 0.247222 0.283747
1 0.661111 0.243802 0.227778 0.217631
1 0.816667 0.646006 0.211111 0.217631
2 0.390278 0.790634 0.091667 0.099174
2 0.769444 0.108815 0.088889 0.085399
2 0.056944 0.303030 0.075000 0.077135
2 0.168056 0.122590 0.091667 0.085399
2 0.693056 0.393939 0.080556 0.093664
0 0.498611 0.512397 0.369444 0.396694
