1 0.786111 0.330579 0.194444 0.203857
1 0.906944 0.555096 0.180556 0.201102
1 0.747222 0.089532 0.194444 0.179063
1 0.086111 0.612948 0.166667 0.223140
1 0.325000 0.075758 0.200000 0.151515
1 0.393056 0.780992 0.186111 0.190083
1 0.604167 0.236915 0.213889 0.187328
1 0.256944 0.528926 0.175000 0.220386
1 0.473611 0.190083 0.191667 0.192837
1 0.904167 0.863636 0.175000 0.190083
1 0.059722 0.297521 0.119444 0.220386
1 0.791667 0.695592 0.183333 0.212121
1 0.180556 0.183196 0.211111 0.217631
1 0.269444 0.931129 0.200000 0.132231
1 0.087500 0.917355 0.169444 0.159780
1 0.941667 0.351240 0.111111 0.190083
1 0.202778 0.736915 0.200000 0.239669
1 0.915278 0.170799 0.163889 0.170799
1 0.516667 0.926997 0.194444 0.140496
1 0.598611 0.780992 0.219444 0.212121
1 0.612500 0.075758 0.180556 0.146006
1 0.179167 0.398072 0.208333 0.212121
0 0.500000 0.491736 0.355556 0.404959
