1 0.902778 0.184573 0.188889 0.203857
1 0.123611 0.818182 0.197222 0.214876
1 0.079167 0.263085 0.158333 0.217631
1 0.909722 0.457300 0.175000 0.209366
1 0.269444 0.933884 0.216667 0.126722
1 0.533333 0.190083 0.227778 0.242424
1 0.722222 0.873278 0.216667 0.214876
1 0.186111 0.458678 0.244444 0.234160
1 0.730556 0.382920 0.205556 0.220386
1 0.294444 0.673554 0.205556 0.239669
1 0.834722 0.672176 0.208333 0.225895
1 0.943056 0.619835 0.108333 0.214876
1 0.715278 0.075758 0.202778 0.151515
1 0.497222 0.902204 0.222222 0.190083
1 0.286111 0.206612 0.244444 0.231405
1 0.605556 0.747934 0.250000 0.223140
0 0.501389 0.498623 0.286111 0.319559
