1 0.231944 0.917355 0.208333 0.159780
1 0.168056 0.687328 0.191667 0.217631
1 0.247222 0.213499 0.205556 0.206612
1 0.912500 0.725895 0.169444 0.206612
1 0.843056 0.935262 0.169444 0.123967
1 0.950000 0.092287 0.094444 0.184573
1 0.066667 0.895317 0.133333 0.203857
1 0.923611 0.387052 0.147222 0.223140
1 0.593056 0.921488 0.241667 0.151515
1 0.072222 0.130854 0.144444 0.234160
1 0.847222 0.528926 0.188889 0.209366
1 0.705556 0.139118 0.222222 0.217631
1 0.630556 0.073003 0.194444 0.146006
1 0.070833 0.511019 0.141667 0.201102
1 0.318056 0.151515 0.197222 0.198347
1 0.458333 0.906336 0.172222 0.181818
2 0.222222 0.501377 0.083333 0.071625
1 0.076389 0.418733 0.152778 0.192837
1 0.683333 0.830579 0.216667 0.212121
1 0.075000 0.469697 0.150000 0.283747
0 0.504630 0.474288 0.509259 0.720233
