1 0.913889 0.140496 0.166667 0.264463
1 0.723611 0.092287 0.236111 0.184573
1 0.111111 0.315427 0.222222 0.239669
1 0.488889 0.166667 0.272222 0.239669
1 0.694444 0.844353 0.222222 0.217631
1 0.804167 0.362259 0.236111 0.289256
1 0.127778 0.870523 0.244444 0.231405
1 0.118056 0.575758 0.236111 0.264463
1 0.916667 0.688705 0.161111 0.181818
1 0.283333 0.075758 0.222222 0.151515
1 0.894444 0.603306 0.205556 0.181818
1 0.222222 0.353994 0.166667 0.195592
1 0.219444 0.610193 0.166667 0.228650
1 0.072222 0.097796 0.144444 0.195592
0 0.500772 0.498470 0.362654 0.396388
