1 0.720703 0.884766 0.246094 0.222656
1 0.500000 0.861328 0.234375 0.253906
1 0.285156 0.703125 0.242188 0.281250
1 0.654297 0.660156 0.261719 0.257812
1 0.353516 0.906250 0.238281 0.171875
1 0.859375 0.511719 0.265625 0.281250
1 0.681641 0.357422 0.253906 0.277344
1 0.890625 0.123047 0.203125 0.246094
1 0.902344 0.796875 0.187500 0.281250
1 0.078125 0.152344 0.156250 0.273438
1 0.103516 0.750000 0.207031 0.203125
1 0.107422 0.544922 0.214844 0.261719
1 0.468750 0.142578 0.281250 0.253906
1 0.798828 0.234375 0.261719 0.250000
1 0.154297 0.353516 0.277344 0.246094
0 0.431564 0.498736 0.336014 0.396216
1 0.189453 0.171875 0.214844 0.250000
1 0.384766 0.228516 0.238281 0.207031
