1 0.061739 0.373043 0.123478 0.238261
1 0.912174 0.825217 0.172174 0.217391
1 0.069565 0.123478 0.139130 0.243478
1 0.499130 0.917391 0.226087 0.161739
1 0.594783 0.116522 0.222609 0.229565
1 0.093913 0.581739 0.187826 0.213913
1 0.731304 0.906957 0.245217 0.182609
1 0.233043 0.425217 0.212174 0.213913
1 0.815652 0.262609 0.246957 0.250435
1 0.839130 0.094783 0.252174 0.186087
1 0.101739 0.808696 0.203478 0.253913
1 0.332174 0.742609 0.253913 0.250435
2 0.148696 0.939130 0.116522 0.107826
0 0.506957 0.486087 0.405217 0.426087
