1 0.619444 0.776860 0.183333 0.242424
1 0.452778 0.822314 0.194444 0.217631
1 0.066667 0.834711 0.133333 0.192837
1 0.254167 0.834711 0.202778 0.192837
1 0.895833 0.426997 0.186111 0.181818
1 0.070833 0.615702 0.141667 0.217631
1 0.716667 0.342975 0.216667 0.239669
1 0.518056 0.219008 0.186111 0.201102
1 0.076389 0.279614 0.152778 0.245179
1 0.618056 0.078512 0.208333 0.157025
1 0.884722 0.148760 0.225000 0.220386
1 0.822222 0.833333 0.222222 0.212121
1 0.298611 0.307163 0.225000 0.223140
1 0.813889 0.560606 0.211111 0.223140
1 0.923611 0.874656 0.147222 0.212121
2 0.244444 0.134986 0.105556 0.099174
1 0.070833 0.073003 0.141667 0.146006
0 0.501389 0.498623 0.252778 0.258953
1 0.226389 0.546832 0.191667 0.206612
1 0.313889 0.626722 0.205556 0.217631
1 0.143056 0.203857 0.225000 0.220386
