1 0.714844 0.140625 0.218750 0.234375
1 0.824219 0.310547 0.257812 0.222656
1 0.669922 0.437500 0.246094 0.265625
1 0.185547 0.197266 0.269531 0.269531
1 0.828125 0.634766 0.234375 0.207031
1 0.873047 0.742188 0.222656 0.210938
1 0.667969 0.736328 0.218750 0.222656
1 0.888672 0.125000 0.207031 0.203125
1 0.095703 0.439453 0.191406 0.238281
1 0.513672 0.103516 0.253906 0.207031
1 0.888672 0.500000 0.214844 0.203125
1 0.466797 0.222656 0.277344 0.250000
1 0.482422 0.906250 0.222656 0.171875
0 0.259766 0.718750 0.378906 0.406250
1 0.531250 0.626953 0.234375 0.222656
1 0.453125 0.492188 0.250000 0.218750
