0 0.465625 0.557292 0.328125 0.435417
1 0.846875 0.621875 0.175000 0.210417
1 0.062500 0.431250 0.125000 0.212500
1 0.789844 0.329167 0.170313 0.220833
1 0.581250 0.878125 0.178125 0.227083
1 0.396875 0.170833 0.153125 0.237500
1 0.550000 0.213542 0.171875 0.222917
1 0.056250 0.889583 0.109375 0.200000
1 0.924219 0.456250 0.148438 0.225000
1 0.692187 0.113542 0.162500 0.214583
1 0.148438 0.756250 0.184375 0.204167
1 0.938281 0.778125 0.120313 0.206250
1 0.239844 0.091667 0.179688 0.179167
1 0.067969 0.071875 0.135937 0.143750
1 0.128125 0.236458 0.162500 0.193750
2 0.474219 0.884375 0.048438 0.064583
1 0.225000 0.265625 0.162500 0.231250
2 0.881250 0.165625 0.059375 0.102083
1 0.223438 0.863542 0.146875 0.210417
1 0.355469 0.768750 0.195312 0.241667
1 0.264844 0.412500 0.120313 0.195833
