1 0.876953 0.156250 0.230469 0.234375
1 0.660156 0.529297 0.210938 0.238281
1 0.714844 0.203125 0.218750 0.226562
1 0.484375 0.515625 0.187500 0.234375
1 0.089844 0.904297 0.179688 0.183594
1 0.935547 0.750000 0.121094 0.234375
1 0.830078 0.066406 0.238281 0.132812
1 0.875000 0.933594 0.234375 0.125000
1 0.812500 0.312500 0.250000 0.203125
1 0.798828 0.712891 0.191406 0.238281
1 0.330078 0.423828 0.230469 0.230469
1 0.125000 0.097656 0.218750 0.195312
1 0.464844 0.068359 0.257812 0.136719
1 0.113281 0.279297 0.226562 0.222656
1 0.876953 0.546875 0.230469 0.218750
1 0.611328 0.072266 0.183594 0.144531
1 0.857422 0.431641 0.246094 0.207031
1 0.087891 0.523438 0.175781 0.218750
1 0.087891 0.730469 0.175781 0.234375
1 0.242188 0.093750 0.195312 0.187500
1 0.437500 0.236328 0.234375 0.230469
1 0.671875 0.722656 0.203125 0.210938
1 0.525391 0.253906 0.207031 0.250000
1 0.187500 0.408203 0.250000 0.246094
1 0.687500 0.861328 0.203125 0.246094
1 0.472656 0.250000 0.304688 0.250000
1 0.089844 0.634766 0.171875 0.199219
0 0.373047 0.765625 0.378906 0.390625
