1 0.823478 0.929565 0.311304 0.137391
1 0.483478 0.946087 0.233043 0.104348
1 0.091304 0.618261 0.182609 0.227826
1 0.096522 0.933913 0.189565 0.128696
1 0.553043 0.135652 0.236522 0.253913
1 0.778261 0.131304 0.213913 0.234783
0 0.554783 0.485217 0.667826 0.497391
1 0.931304 0.093913 0.133913 0.187826
1 0.929565 0.778261 0.137391 0.238261
1 0.277391 0.307826 0.259130 0.278261
1 0.062609 0.720870 0.121739 0.210435
1 0.293913 0.873043 0.201739 0.226087
1 0.106957 0.854783 0.196522 0.203478
1 0.927826 0.397391 0.140870 0.231304
1 0.917391 0.249565 0.161739 0.154783
1 0.820870 0.760870 0.208696 0.189565
1 0.636522 0.833043 0.184348 0.212174
1 0.534783 0.789565 0.179130 0.191304
1 0.151304 0.175652 0.205217 0.191304
