1 0.212891 0.638672 0.269531 0.277344
1 0.470703 0.103516 0.261719 0.207031
1 0.796875 0.718750 0.234375 0.234375
1 0.828125 0.900391 0.218750 0.191406
1 0.259766 0.205078 0.292969 0.261719
1 0.517578 0.873047 0.277344 0.246094
1 0.298828 0.904297 0.269531 0.183594
1 0.099609 0.898438 0.199219 0.195312
1 0.113281 0.451172 0.226562 0.261719
1 0.892578 0.609375 0.199219 0.265625
1 0.529297 0.246094 0.246094 0.242188
1 0.658203 0.250000 0.230469 0.250000
1 0.250000 0.431641 0.234375 0.246094
1 0.640625 0.890625 0.250000 0.203125
1 0.763672 0.113281 0.261719 0.226562
1 0.933594 0.140625 0.125000 0.250000
1 0.906250 0.408203 0.171875 0.222656
1 0.066406 0.687500 0.132812 0.265625
1 0.734375 0.322266 0.234375 0.214844
1 0.072266 0.763672 0.144531 0.214844
1 0.078125 0.095703 0.156250 0.191406
0 0.507812 0.591797 0.445312 0.371094
