1 0.671875 0.369141 0.265625 0.261719
1 0.138672 0.876953 0.269531 0.230469
1 0.886719 0.855469 0.218750 0.281250
1 0.203125 0.626953 0.296875 0.292969
1 0.197266 0.171875 0.246094 0.265625
1 0.781250 0.585938 0.281250 0.296875
1 0.873047 0.314453 0.246094 0.285156
1 0.113281 0.494141 0.226562 0.285156
1 0.460938 0.386719 0.257812 0.250000
1 0.291016 0.843750 0.261719 0.265625
1 0.416016 0.199219 0.246094 0.218750
1 0.890625 0.542969 0.203125 0.257812
1 0.419922 0.095703 0.285156 0.191406
1 0.685547 0.859375 0.277344 0.250000
0 0.486328 0.720703 0.324219 0.316406
1 0.906250 0.130859 0.171875 0.261719
1 0.732422 0.156250 0.253906 0.265625
1 0.609375 0.160156 0.234375 0.257812
1 0.078125 0.720703 0.156250 0.261719
1 0.496094 0.500000 0.281250 0.234375
2 0.355469 0.578125 0.070312 0.078125
