1 0.731250 0.820833 0.171875 0.237500
0 0.365625 0.817708 0.337500 0.360417
1 0.906250 0.878125 0.165625 0.193750
1 0.909375 0.441667 0.175000 0.233333
1 0.367188 0.518750 0.203125 0.254167
1 0.628125 0.172917 0.165625 0.200000
1 0.814844 0.267708 0.198437 0.235417
1 0.621094 0.382292 0.167187 0.252083
1 0.250000 0.284375 0.203125 0.264583
1 0.880469 0.665625 0.182812 0.218750
1 0.562500 0.611458 0.184375 0.243750
1 0.106250 0.518750 0.209375 0.275000
1 0.932031 0.081250 0.132812 0.162500
1 0.350000 0.120833 0.178125 0.233333
1 0.765625 0.079167 0.196875 0.154167
2 0.950000 0.306250 0.046875 0.066667
