0 0.853906 0.762500 0.289062 0.400000
1 0.093750 0.197917 0.165625 0.216667
1 0.612500 0.893750 0.162500 0.208333
1 0.331250 0.879167 0.165625 0.212500
1 0.607812 0.409375 0.181250 0.202083
1 0.261719 0.473958 0.179688 0.218750
1 0.743750 0.946875 0.168750 0.102083
1 0.212500 0.785417 0.156250 0.200000
1 0.431250 0.200000 0.178125 0.208333
1 0.493750 0.380208 0.159375 0.206250
1 0.871094 0.417708 0.160938 0.185417
1 0.086719 0.460417 0.173437 0.241667
1 0.784375 0.151042 0.140625 0.193750
1 0.067969 0.841667 0.132812 0.204167
1 0.596875 0.176042 0.162500 0.243750
1 0.612500 0.638542 0.162500 0.256250
2 0.493750 0.554167 0.068750 0.091667
1 0.353125 0.667708 0.162500 0.210417
1 0.327344 0.385417 0.164062 0.225000
1 0.668750 0.222917 0.165625 0.225000
1 0.390625 0.058333 0.175000 0.112500
1 0.742969 0.527083 0.157812 0.200000
1 0.100000 0.914583 0.181250 0.166667
1 0.918750 0.226042 0.153125 0.260417
1 0.450000 0.640625 0.128125 0.185417
