1 0.081944 0.904959 0.163889 0.184573
1 0.904167 0.767218 0.186111 0.228650
1 0.084722 0.487603 0.169444 0.187328
1 0.938889 0.265840 0.116667 0.206612
1 0.227778 0.101928 0.238889 0.203857
1 0.100000 0.264463 0.200000 0.231405
1 0.470833 0.119835 0.219444 0.239669
1 0.304167 0.334711 0.202778 0.228650
1 0.313889 0.807163 0.255556 0.247934
1 0.865278 0.440771 0.236111 0.214876
1 0.563889 0.841598 0.250000 0.250689
1 0.745833 0.206612 0.247222 0.247934
1 0.723611 0.935262 0.236111 0.123967
1 0.126389 0.691460 0.252778 0.236915
1 0.736111 0.663912 0.227778 0.253444
1 0.913889 0.534435 0.166667 0.192837
0 0.481944 0.544077 0.297222 0.360882
1 0.598611 0.376033 0.247222 0.305785
