1 0.429167 0.056474 0.241667 0.112948
1 0.768056 0.871901 0.241667 0.250689
1 0.534722 0.807163 0.247222 0.242424
1 0.876389 0.177686 0.241667 0.283747
1 0.180556 0.600551 0.261111 0.253444
1 0.048611 0.707989 0.097222 0.231405
1 0.884722 0.495868 0.225000 0.247934
1 0.244444 0.816804 0.200000 0.223140
2 0.054167 0.033058 0.097222 0.066116
1 0.673611 0.071625 0.263889 0.143251
1 0.204167 0.063361 0.225000 0.126722
0 0.504321 0.502449 0.398765 0.342516
1 0.666667 0.275482 0.172222 0.209366
1 0.583333 0.213499 0.216667 0.190083
