1 0.512500 0.211458 0.156250 0.206250
1 0.387500 0.861458 0.162500 0.206250
1 0.753125 0.147917 0.162500 0.191667
1 0.583594 0.636458 0.179688 0.193750
1 0.077344 0.685417 0.154688 0.220833
1 0.296094 0.273958 0.164062 0.181250
1 0.853125 0.433333 0.184375 0.237500
1 0.506250 0.773958 0.146875 0.181250
0 0.179688 0.896875 0.318750 0.202083
1 0.359375 0.100000 0.203125 0.200000
1 0.703125 0.831250 0.150000 0.208333
1 0.871875 0.737500 0.153125 0.208333
1 0.099219 0.262500 0.142187 0.250000
1 0.039062 0.463542 0.078125 0.252083
1 0.960156 0.341667 0.076563 0.216667
1 0.696094 0.541667 0.173437 0.204167
2 0.903125 0.589583 0.059375 0.075000
1 0.256250 0.669792 0.193750 0.218750
1 0.206250 0.461458 0.165625 0.206250
1 0.534375 0.428125 0.162500 0.202083
1 0.443750 0.438542 0.153125 0.206250
1 0.546875 0.937500 0.187500 0.120833
