1 0.836111 0.210744 0.200000 0.201102
1 0.630556 0.265840 0.205556 0.195592
1 0.604167 0.920110 0.225000 0.154270
1 0.909722 0.786501 0.175000 0.228650
1 0.794444 0.508264 0.244444 0.217631
1 0.252778 0.077135 0.211111 0.154270
1 0.495833 0.099174 0.236111 0.198347
1 0.761111 0.053719 0.205556 0.107438
1 0.050000 0.691460 0.100000 0.209366
1 0.256944 0.420110 0.180556 0.245179
1 0.320833 0.688705 0.213889 0.220386
1 0.119444 0.231405 0.211111 0.209366
1 0.125000 0.516529 0.216667 0.201102
1 0.672222 0.716253 0.238889 0.225895
1 0.215278 0.898072 0.252778 0.198347
0 0.501389 0.500000 0.297222 0.305785
2 0.038889 0.378788 0.077778 0.085399
