1 0.194444 0.414601 0.205556 0.206612
1 0.072222 0.250689 0.144444 0.231405
1 0.894444 0.407713 0.205556 0.214876
1 0.861111 0.889807 0.227778 0.214876
1 0.788889 0.647383 0.172222 0.220386
1 0.161111 0.075758 0.244444 0.151515
1 0.338889 0.798898 0.222222 0.220386
1 0.175000 0.634986 0.233333 0.234160
1 0.391667 0.172176 0.244444 0.239669
1 0.940278 0.623967 0.113889 0.272727
1 0.716667 0.253444 0.244444 0.242424
1 0.609722 0.866391 0.230556 0.250689
1 0.698611 0.765840 0.202778 0.181818
1 0.900000 0.112948 0.194444 0.225895
1 0.802778 0.067493 0.233333 0.134986
2 0.191667 0.260331 0.094444 0.096419
0 0.504321 0.524640 0.419136 0.427303
