1 0.926087 0.392174 0.144348 0.266087
1 0.935652 0.766957 0.125217 0.264348
1 0.818261 0.219130 0.252174 0.243478
1 0.426957 0.909565 0.255652 0.177391
1 0.165217 0.796522 0.240000 0.264348
1 0.566957 0.760870 0.236522 0.231304
1 0.100870 0.116522 0.198261 0.229565
1 0.920000 0.111304 0.156522 0.222609
1 0.351304 0.260870 0.306087 0.226087
1 0.680870 0.373043 0.234783 0.335652
1 0.761739 0.871304 0.281739 0.250435
1 0.105217 0.566957 0.210435 0.229565
1 0.080000 0.440000 0.160000 0.253913
2 0.786957 0.494783 0.088696 0.102609
0 0.469565 0.505217 0.361739 0.387826
