0 0.355127 0.524195 0.313380 0.440056
1 0.828906 0.125000 0.170313 0.216667
1 0.533594 0.243750 0.160938 0.225000
1 0.296094 0.840625 0.160938 0.210417
1 0.932813 0.285417 0.131250 0.204167
1 0.826562 0.441667 0.162500 0.220833
1 0.621875 0.073958 0.153125 0.147917
1 0.775781 0.332292 0.176563 0.202083
1 0.707812 0.635417 0.181250 0.270833
1 0.096875 0.897917 0.178125 0.195833
1 0.952344 0.883333 0.092188 0.208333
1 0.160156 0.179167 0.195312 0.216667
1 0.360938 0.132292 0.190625 0.206250
1 0.123438 0.391667 0.153125 0.200000
1 0.166406 0.746875 0.129688 0.227083
1 0.404687 0.062500 0.162500 0.125000
1 0.782031 0.865625 0.189062 0.231250
