1 0.911111 0.355372 0.172222 0.220386
1 0.658333 0.236915 0.183333 0.187328
1 0.719444 0.073003 0.216667 0.146006
1 0.109722 0.253444 0.219444 0.209366
1 0.062500 0.465565 0.125000 0.225895
1 0.086111 0.685950 0.172222 0.214876
1 0.693056 0.900826 0.202778 0.165289
1 0.248611 0.780992 0.202778 0.195592
1 0.944444 0.774105 0.105556 0.220386
1 0.176389 0.097796 0.219444 0.195592
1 0.215278 0.533058 0.202778 0.223140
1 0.323611 0.929752 0.225000 0.134986
1 0.779167 0.679063 0.219444 0.179063
1 0.500000 0.793388 0.283333 0.247934
2 0.331944 0.657025 0.069444 0.074380
0 0.504167 0.476584 0.325000 0.319559
1 0.770833 0.570248 0.169444 0.126722
