1 0.657391 0.256522 0.233043 0.227826
1 0.073913 0.778261 0.147826 0.241739
1 0.810435 0.073913 0.219130 0.147826
1 0.933913 0.560870 0.128696 0.231304
1 0.620870 0.907826 0.236522 0.180870
1 0.807826 0.417391 0.234783 0.264348
1 0.800000 0.763478 0.240000 0.240000
1 0.096522 0.362609 0.186087 0.210435
1 0.373043 0.745217 0.210435 0.217391
1 0.369565 0.930435 0.248696 0.135652
1 0.235652 0.905217 0.227826 0.186087
0 0.511304 0.505217 0.309565 0.321739
1 0.080870 0.166957 0.158261 0.215652
1 0.275652 0.108696 0.213913 0.213913
1 0.282609 0.355652 0.217391 0.158261
1 0.329565 0.188696 0.234783 0.196522
1 0.242609 0.477391 0.213913 0.196522
