1 0.220703 0.068359 0.230469 0.136719
1 0.078125 0.617188 0.156250 0.242188
1 0.267578 0.218750 0.238281 0.234375
1 0.103516 0.113281 0.207031 0.226562
1 0.429688 0.142578 0.242188 0.261719
1 0.093750 0.369141 0.187500 0.261719
1 0.283203 0.402344 0.214844 0.195312
1 0.873047 0.281250 0.246094 0.218750
1 0.689453 0.353516 0.230469 0.199219
1 0.906250 0.076172 0.171875 0.152344
1 0.718750 0.158203 0.234375 0.207031
1 0.201172 0.845703 0.222656 0.246094
1 0.902344 0.857422 0.187500 0.238281
1 0.449219 0.394531 0.179688 0.195312
0 0.617188 0.677734 0.367188 0.441406
1 0.716797 0.087891 0.246094 0.175781
1 0.515625 0.310547 0.210938 0.160156
