0 0.427344 0.571875 0.292187 0.510417
1 0.915625 0.162500 0.165625 0.254167
1 0.384375 0.252083 0.165625 0.187500
1 0.762500 0.171875 0.156250 0.218750
1 0.150000 0.931250 0.175000 0.133333
1 0.760938 0.906250 0.162500 0.183333
1 0.086719 0.754167 0.173437 0.254167
1 0.829688 0.610417 0.190625 0.220833
1 0.596875 0.095833 0.181250 0.187500
1 0.528125 0.852083 0.193750 0.250000
1 0.331250 0.912500 0.168750 0.170833
1 0.081250 0.322917 0.159375 0.233333
1 0.621875 0.505208 0.140625 0.206250
1 0.603125 0.290625 0.200000 0.193750
1 0.792188 0.404167 0.200000 0.208333
1 0.050000 0.516667 0.096875 0.191667
1 0.278125 0.741667 0.178125 0.195833
2 0.701562 0.726042 0.065625 0.085417
