0 0.402344 0.450000 0.414062 0.429167
1 0.428125 0.817708 0.168750 0.218750
1 0.600000 0.869792 0.150000 0.189583
1 0.914062 0.651042 0.168750 0.218750
1 0.850000 0.094792 0.146875 0.185417
1 0.052344 0.809375 0.101562 0.214583
1 0.626563 0.321875 0.150000 0.218750
1 0.704688 0.143750 0.168750 0.212500
1 0.786719 0.865625 0.170313 0.206250
1 0.118750 0.060417 0.146875 0.116667
1 0.103125 0.250000 0.203125 0.250000
1 0.442188 0.097917 0.153125 0.191667
1 0.929688 0.828125 0.137500 0.197917
1 0.790625 0.481250 0.165625 0.225000
1 0.074219 0.388542 0.148438 0.210417
1 0.590625 0.060417 0.159375 0.116667
1 0.148438 0.621875 0.187500 0.272917
1 0.643750 0.614583 0.181250 0.187500
1 0.837500 0.247917 0.187500 0.216667
1 0.496875 0.177083 0.162500 0.175000
1 0.693750 0.497917 0.162500 0.220833
1 0.327344 0.147917 0.164062 0.200000
1 0.281250 0.060417 0.140625 0.116667
