1 0.071304 0.611304 0.142609 0.238261
1 0.827826 0.756522 0.201739 0.236522
1 0.398261 0.727826 0.250435 0.245217
1 0.255652 0.166087 0.222609 0.227826
1 0.408696 0.934783 0.253913 0.126957
1 0.771304 0.510435 0.217391 0.234783
1 0.833043 0.260870 0.240000 0.250435
1 0.237391 0.413043 0.231304 0.217391
1 0.166957 0.523478 0.222609 0.219130
1 0.620000 0.677391 0.210435 0.210435
1 0.149565 0.873043 0.226087 0.222609
1 0.116522 0.940000 0.229565 0.116522
0 0.527826 0.473913 0.349565 0.360000
2 0.520870 0.193043 0.081739 0.090435
