1 0.905556 0.636364 0.183333 0.220386
1 0.763889 0.947658 0.238889 0.099174
1 0.111111 0.573003 0.216667 0.253444
1 0.855556 0.096419 0.233333 0.187328
1 0.150000 0.256198 0.255556 0.242424
1 0.693056 0.223140 0.269444 0.253444
1 0.534722 0.933884 0.219444 0.126722
1 0.704167 0.774105 0.225000 0.242424
1 0.593056 0.068871 0.263889 0.137741
1 0.413889 0.162534 0.277778 0.247934
1 0.120833 0.840220 0.213889 0.214876
1 0.241667 0.790634 0.222222 0.225895
1 0.397222 0.853994 0.233333 0.286501
1 0.830556 0.559229 0.205556 0.220386
0 0.498611 0.498623 0.458333 0.435262
