1 0.906944 0.834711 0.180556 0.209366
1 0.904167 0.545455 0.186111 0.236915
1 0.055556 0.257576 0.105556 0.245179
1 0.081944 0.874656 0.163889 0.245179
1 0.888889 0.092287 0.216667 0.179063
1 0.743056 0.694215 0.230556 0.264463
1 0.094444 0.606061 0.188889 0.236915
1 0.244444 0.212121 0.222222 0.231405
1 0.884722 0.297521 0.225000 0.209366
1 0.298611 0.896694 0.241667 0.201102
1 0.525000 0.830579 0.216667 0.239669
1 0.163889 0.451791 0.222222 0.220386
1 0.634722 0.112948 0.219444 0.209366
1 0.727778 0.323691 0.238889 0.228650
1 0.284722 0.725895 0.269444 0.151515
0 0.505556 0.505510 0.444444 0.404959
