1 0.441739 0.921739 0.226087 0.153043
1 0.677391 0.277391 0.224348 0.248696
1 0.889565 0.209565 0.217391 0.248696
1 0.127826 0.082609 0.248696 0.161739
1 0.302609 0.603478 0.177391 0.344348
1 0.051304 0.226957 0.102609 0.255652
1 0.919130 0.794783 0.158261 0.243478
0 0.508696 0.500000 0.297391 0.370435
1 0.361739 0.053913 0.260870 0.107826
1 0.800870 0.608696 0.231304 0.236522
1 0.716522 0.880000 0.243478 0.236522
1 0.802609 0.056522 0.231304 0.109565
1 0.120870 0.387826 0.213913 0.194783
1 0.120870 0.506957 0.206957 0.238261
