0 0.574219 0.546875 0.301563 0.393750
1 0.537500 0.867708 0.187500 0.218750
1 0.512500 0.246875 0.175000 0.206250
1 0.737500 0.233333 0.156250 0.212500
1 0.246875 0.632292 0.143750 0.222917
1 0.840625 0.636458 0.162500 0.206250
1 0.104688 0.483333 0.196875 0.225000
1 0.361719 0.444792 0.170313 0.222917
1 0.389844 0.069792 0.160938 0.135417
1 0.932031 0.906250 0.132812 0.183333
2 0.200000 0.829167 0.100000 0.141667
1 0.906250 0.171875 0.181250 0.218750
1 0.953125 0.687500 0.090625 0.204167
1 0.340625 0.244792 0.181250 0.214583
1 0.922656 0.470833 0.151562 0.212500
1 0.731250 0.058333 0.196875 0.112500
1 0.764844 0.834375 0.185938 0.285417
1 0.195312 0.100000 0.193750 0.200000
1 0.617969 0.089583 0.164062 0.175000
1 0.124219 0.292708 0.179688 0.231250
1 0.340625 0.887500 0.196875 0.220833
