1 0.353043 0.167826 0.253913 0.297391
1 0.895652 0.805217 0.201739 0.257391
1 0.859130 0.601739 0.253913 0.243478
1 0.066957 0.229565 0.130435 0.240000
1 0.096522 0.771304 0.189565 0.273043
1 0.130435 0.085217 0.257391 0.170435
0 0.513043 0.499130 0.448696 0.532174
1 0.848696 0.357391 0.229565 0.276522
1 0.051304 0.636522 0.102609 0.253913
1 0.782609 0.941739 0.257391 0.113043
1 0.424348 0.927826 0.243478 0.140870
1 0.563478 0.900000 0.191304 0.196522
1 0.699130 0.903478 0.198261 0.189565
1 0.168696 0.363478 0.170435 0.208696
1 0.193043 0.513913 0.240000 0.227826
1 0.251304 0.669565 0.220870 0.212174
1 0.929565 0.157391 0.137391 0.182609
