1 0.308594 0.136719 0.242188 0.203125
1 0.097656 0.324219 0.195312 0.226562
1 0.732422 0.125000 0.253906 0.234375
1 0.503906 0.150391 0.210938 0.238281
1 0.835938 0.265625 0.234375 0.234375
1 0.765625 0.890625 0.265625 0.203125
1 0.310547 0.328125 0.253906 0.218750
1 0.578125 0.853516 0.218750 0.230469
1 0.128906 0.910156 0.226562 0.164062
1 0.082031 0.107422 0.164062 0.214844
1 0.843750 0.621094 0.250000 0.242188
1 0.734375 0.435547 0.265625 0.222656
1 0.750000 0.710938 0.234375 0.234375
0 0.271484 0.632812 0.324219 0.406250
1 0.562500 0.308594 0.250000 0.234375
1 0.359375 0.919922 0.210938 0.144531
