1 0.665278 0.093664 0.208333 0.187328
1 0.063889 0.823691 0.127778 0.198347
1 0.302778 0.101928 0.222222 0.203857
1 0.822222 0.659780 0.211111 0.206612
1 0.661111 0.949036 0.216667 0.096419
1 0.187500 0.278237 0.236111 0.236915
1 0.919444 0.235537 0.155556 0.245179
1 0.075000 0.600551 0.150000 0.247934
1 0.875000 0.786501 0.227778 0.223140
1 0.348611 0.757576 0.225000 0.214876
1 0.409722 0.926997 0.225000 0.140496
1 0.602778 0.743802 0.222222 0.209366
1 0.825000 0.431129 0.200000 0.250689
2 0.250000 0.893939 0.094444 0.096419
0 0.505710 0.491276 0.439198 0.426079
