1 0.336111 0.099174 0.205556 0.198347
1 0.277778 0.305785 0.238889 0.247934
1 0.936111 0.603306 0.122222 0.220386
1 0.106944 0.143251 0.213889 0.253444
1 0.063889 0.696970 0.127778 0.242424
1 0.233333 0.665289 0.205556 0.217631
1 0.558333 0.152893 0.238889 0.212121
1 0.629167 0.892562 0.202778 0.209366
1 0.113889 0.436639 0.222222 0.201102
1 0.851389 0.170799 0.219444 0.209366
1 0.831944 0.809917 0.236111 0.214876
1 0.163889 0.871901 0.261111 0.239669
1 0.768056 0.606061 0.202778 0.264463
1 0.926389 0.099174 0.141667 0.198347
0 0.505556 0.523569 0.377778 0.404346
