1 0.427778 0.053719 0.188889 0.107438
1 0.859722 0.053719 0.219444 0.107438
1 0.087500 0.057851 0.175000 0.115702
1 0.301389 0.177686 0.202778 0.223140
1 0.312500 0.938017 0.225000 0.118457
1 0.894444 0.931129 0.205556 0.132231
1 0.351389 0.764463 0.230556 0.217631
1 0.222222 0.597796 0.238889 0.247934
1 0.726389 0.853994 0.208333 0.220386
1 0.762500 0.293388 0.230556 0.201102
1 0.187500 0.344353 0.241667 0.253444
1 0.761111 0.513774 0.200000 0.239669
1 0.050000 0.584022 0.100000 0.236915
1 0.650000 0.114325 0.222222 0.228650
1 0.934722 0.752066 0.125000 0.253444
0 0.504167 0.546832 0.297222 0.311295
