1 0.336111 0.101928 0.205556 0.203857
1 0.918056 0.234160 0.158333 0.198347
1 0.119444 0.724518 0.227778 0.198347
1 0.105556 0.123967 0.211111 0.214876
1 0.925000 0.804408 0.144444 0.209366
1 0.193056 0.337466 0.219444 0.223140
1 0.345833 0.812672 0.213889 0.225895
1 0.745833 0.360882 0.225000 0.198347
1 0.820833 0.586777 0.219444 0.209366
1 0.868056 0.066116 0.191667 0.132231
1 0.261111 0.575758 0.194444 0.242424
1 0.731944 0.772727 0.219444 0.212121
0 0.501389 0.491736 0.269444 0.294766
1 0.540586 0.746403 0.207716 0.203551
