1 0.591797 0.074219 0.253906 0.148438
1 0.402344 0.357422 0.265625 0.253906
1 0.103516 0.117188 0.207031 0.234375
1 0.294922 0.181641 0.277344 0.269531
1 0.656250 0.341797 0.218750 0.246094
1 0.845703 0.783203 0.246094 0.292969
1 0.103516 0.744141 0.207031 0.269531
1 0.798828 0.136719 0.308594 0.257812
1 0.306641 0.699219 0.253906 0.257812
1 0.855469 0.357422 0.250000 0.285156
1 0.876953 0.564453 0.230469 0.246094
1 0.535156 0.498047 0.343750 0.238281
0 0.591797 0.775391 0.394531 0.394531
1 0.291016 0.878906 0.261719 0.210938
