1 0.781250 0.341797 0.234375 0.246094
1 0.134766 0.353516 0.238281 0.253906
1 0.906250 0.218750 0.171875 0.234375
1 0.150391 0.148438 0.261719 0.242188
1 0.736328 0.875000 0.238281 0.234375
1 0.423828 0.906250 0.261719 0.171875
1 0.511719 0.685547 0.265625 0.238281
1 0.105469 0.673828 0.203125 0.246094
1 0.250000 0.845703 0.281250 0.246094
1 0.296875 0.093750 0.265625 0.187500
1 0.859375 0.814453 0.250000 0.222656
1 0.689453 0.753906 0.207031 0.203125
1 0.242188 0.439453 0.210938 0.285156
1 0.214844 0.654297 0.203125 0.222656
1 0.812500 0.611328 0.250000 0.238281
1 0.796875 0.533203 0.218750 0.207031
1 0.437500 0.080078 0.265625 0.160156
0 0.490234 0.416016 0.386719 0.394531
