1 0.275000 0.073003 0.250000 0.146006
1 0.077778 0.090909 0.155556 0.181818
1 0.073611 0.685950 0.147222 0.203857
1 0.940278 0.703857 0.113889 0.223140
1 0.652778 0.936639 0.211111 0.121212
1 0.101389 0.888430 0.202778 0.217631
1 0.391667 0.913223 0.238889 0.168044
1 0.855556 0.491736 0.222222 0.245179
1 0.169444 0.338843 0.233333 0.242424
1 0.686111 0.814050 0.250000 0.234160
1 0.841667 0.216253 0.255556 0.239669
1 0.273611 0.747934 0.230556 0.234160
1 0.427778 0.168044 0.250000 0.236915
2 0.556944 0.260331 0.091667 0.085399
0 0.506944 0.500000 0.402778 0.382920
