1 0.671875 0.099609 0.250000 0.199219
1 0.316406 0.734375 0.250000 0.234375
1 0.792969 0.156250 0.218750 0.226562
1 0.322266 0.191406 0.246094 0.203125
1 0.890625 0.058594 0.203125 0.117188
1 0.119141 0.847656 0.238281 0.179688
1 0.156250 0.464844 0.218750 0.226562
1 0.666016 0.279297 0.214844 0.207031
1 0.097656 0.722656 0.195312 0.234375
1 0.089844 0.109375 0.179688 0.203125
1 0.062500 0.617188 0.125000 0.234375
1 0.298828 0.916016 0.253906 0.160156
1 0.125000 0.304688 0.226562 0.218750
1 0.919922 0.609375 0.152344 0.218750
1 0.273438 0.111328 0.218750 0.183594
1 0.056641 0.371094 0.113281 0.203125
1 0.078125 0.234375 0.156250 0.218750
1 0.753906 0.921875 0.218750 0.140625
0 0.607422 0.574219 0.316406 0.343750
1 0.916016 0.687500 0.160156 0.250000
1 0.576172 0.900391 0.277344 0.191406
1 0.509191 0.292433 0.202206 0.193015
1 0.560547 0.921875 0.253906 0.140625
