1 0.865278 0.199725 0.208333 0.206612
1 0.591667 0.061983 0.205556 0.123967
1 0.404167 0.903581 0.213889 0.187328
1 0.416667 0.206612 0.205556 0.203857
1 0.913889 0.348485 0.166667 0.217631
1 0.198611 0.318182 0.219444 0.212121
1 0.859722 0.814050 0.191667 0.217631
1 0.230556 0.099174 0.216667 0.198347
1 0.801389 0.515152 0.208333 0.236915
1 0.277778 0.646006 0.244444 0.245179
1 0.154167 0.807163 0.252778 0.231405
1 0.618056 0.809917 0.252778 0.264463
2 0.715278 0.075758 0.091667 0.079890
2 0.843056 0.035813 0.080556 0.071625
0 0.510648 0.498316 0.376852 0.390572
