1 0.605217 0.220870 0.215652 0.208696
1 0.805217 0.886957 0.198261 0.222609
1 0.767826 0.093043 0.224348 0.186087
1 0.251304 0.664348 0.206957 0.212174
1 0.800870 0.501739 0.224348 0.220870
1 0.420000 0.864348 0.238261 0.250435
1 0.941739 0.130435 0.113043 0.257391
1 0.479130 0.063478 0.238261 0.123478
1 0.068696 0.440870 0.133913 0.224348
1 0.222609 0.947826 0.222609 0.100870
1 0.267826 0.346957 0.222609 0.238261
1 0.631304 0.737391 0.240000 0.212174
1 0.057391 0.126957 0.111304 0.233043
0 0.507826 0.482609 0.351304 0.349565
1 0.949012 0.794071 0.096443 0.207115
