0 0.560478 0.411371 0.336292 0.437237
1 0.447656 0.759375 0.170313 0.227083
1 0.942187 0.790625 0.112500 0.227083
1 0.533594 0.094792 0.173437 0.189583
1 0.757064 0.598249 0.209375 0.266667
1 0.421094 0.092708 0.157812 0.185417
1 0.242188 0.900000 0.190625 0.195833
2 0.901563 0.537500 0.071875 0.091667
1 0.932031 0.164583 0.132812 0.212500
1 0.040625 0.366667 0.081250 0.204167
2 0.250781 0.139583 0.051562 0.062500
1 0.183594 0.379167 0.167187 0.212500
1 0.750000 0.054167 0.178125 0.108333
1 0.857812 0.908333 0.159375 0.179167
1 0.303125 0.694792 0.162500 0.218750
1 0.165625 0.115625 0.146875 0.206250
1 0.265625 0.350000 0.143750 0.204167
1 0.342187 0.559375 0.178125 0.256250
