1 0.603478 0.091304 0.222609 0.182609
1 0.275652 0.751304 0.259130 0.229565
1 0.102609 0.405217 0.201739 0.226087
1 0.921739 0.540870 0.153043 0.278261
1 0.423478 0.191304 0.245217 0.243478
1 0.774783 0.569565 0.179130 0.262609
1 0.074783 0.754783 0.146087 0.212174
1 0.210435 0.582609 0.177391 0.215652
1 0.614783 0.795652 0.234783 0.227826
1 0.907826 0.190435 0.180870 0.245217
1 0.797391 0.226957 0.203478 0.231304
1 0.415652 0.940870 0.233043 0.114783
0 0.498261 0.513043 0.401739 0.410435
1 0.184348 0.206087 0.229565 0.227826
1 0.818261 0.920870 0.224348 0.151304
1 0.520870 0.929565 0.186087 0.137391
1 0.163478 0.096522 0.250435 0.182609
1 0.911304 0.932174 0.173913 0.132174
