1 0.873047 0.087891 0.246094 0.175781
1 0.878906 0.533203 0.226562 0.292969
1 0.296875 0.166016 0.218750 0.222656
1 0.072266 0.296875 0.144531 0.234375
1 0.109375 0.125000 0.218750 0.234375
1 0.900391 0.181641 0.191406 0.222656
1 0.685547 0.113281 0.214844 0.226562
1 0.398438 0.765625 0.234375 0.265625
1 0.173828 0.341797 0.238281 0.253906
0 0.160156 0.667969 0.312500 0.335938
1 0.517578 0.078125 0.261719 0.156250
1 0.503906 0.861328 0.234375 0.222656
1 0.609375 0.812500 0.218750 0.187500
1 0.750000 0.359375 0.250000 0.218750
1 0.689453 0.281250 0.230469 0.187500
1 0.796875 0.783203 0.234375 0.207031
0 0.455078 0.498047 0.410156 0.417969
