1 0.161739 0.134783 0.194783 0.234783
1 0.241739 0.933043 0.271304 0.130435
1 0.877391 0.167826 0.241739 0.217391
1 0.926087 0.571304 0.144348 0.234783
1 0.060000 0.251304 0.120000 0.283478
1 0.746087 0.730435 0.240000 0.226087
1 0.378261 0.057391 0.238261 0.114783
1 0.876522 0.383478 0.219130 0.224348
1 0.057391 0.800000 0.111304 0.264348
1 0.702609 0.446957 0.205217 0.267826
1 0.383478 0.681739 0.283478 0.285217
0 0.499130 0.492174 0.292174 0.372174
1 0.336522 0.213043 0.200000 0.200000
1 0.137391 0.686957 0.194783 0.278261
