1 0.090278 0.187328 0.175000 0.214876
1 0.065278 0.421488 0.125000 0.220386
1 0.079167 0.877410 0.158333 0.195592
1 0.902778 0.938017 0.188889 0.118457
1 0.218056 0.358127 0.197222 0.192837
1 0.566667 0.790634 0.244444 0.231405
1 0.816667 0.746556 0.211111 0.269972
1 0.330556 0.847107 0.222222 0.256198
1 0.330556 0.260331 0.261111 0.201102
1 0.806944 0.351240 0.275000 0.228650
1 0.791667 0.179063 0.238889 0.242424
2 0.193056 0.730028 0.091667 0.082645
0 0.505556 0.498623 0.350000 0.341598
1 0.265873 0.051358 0.187302 0.099174
