0 0.380318 0.787202 0.333114 0.407738
1 0.652344 0.133333 0.160938 0.200000
1 0.214844 0.568750 0.170313 0.212500
1 0.578125 0.493750 0.162500 0.179167
1 0.884375 0.253125 0.171875 0.210417
1 0.930469 0.606250 0.135937 0.220833
1 0.680469 0.688542 0.164062 0.227083
1 0.062500 0.200000 0.125000 0.208333
1 0.358594 0.117708 0.173437 0.227083
1 0.950000 0.109375 0.096875 0.218750
1 0.811719 0.588542 0.157812 0.306250
1 0.078125 0.612500 0.156250 0.262500
1 0.633594 0.327083 0.157812 0.200000
1 0.393750 0.494792 0.178125 0.193750
1 0.058594 0.928125 0.117188 0.139583
2 0.228125 0.372917 0.065625 0.091667
1 0.350000 0.346875 0.140625 0.202083
1 0.709375 0.901042 0.162500 0.193750
1 0.481250 0.276042 0.162500 0.218750
1 0.145313 0.388542 0.131250 0.197917
1 0.756250 0.310417 0.134375 0.208333
