0 0.449219 0.803125 0.351562 0.389583
1 0.120313 0.558333 0.159375 0.212500
1 0.631250 0.082292 0.181250 0.160417
1 0.668750 0.713542 0.156250 0.193750
1 0.181250 0.880208 0.171875 0.227083
1 0.736719 0.496875 0.160938 0.243750
1 0.815625 0.215625 0.187500 0.222917
1 0.943750 0.077083 0.109375 0.150000
1 0.065625 0.343750 0.131250 0.200000
1 0.176563 0.346875 0.153125 0.222917
1 0.943750 0.914583 0.109375 0.166667
1 0.284375 0.573958 0.171875 0.206250
1 0.489063 0.458333 0.156250 0.187500
1 0.140625 0.082292 0.178125 0.160417
1 0.600000 0.595833 0.171875 0.225000
1 0.464844 0.247917 0.164062 0.208333
1 0.834375 0.451042 0.156250 0.210417
1 0.957812 0.514583 0.081250 0.200000
1 0.349219 0.368750 0.185938 0.187500
1 0.853125 0.787500 0.156250 0.200000
1 0.317188 0.064583 0.146875 0.125000
1 0.311719 0.210417 0.164062 0.129167
1 0.856250 0.669792 0.165625 0.127083
2 0.225000 0.715625 0.071875 0.097917
