1 0.564844 0.815625 0.176563 0.227083
1 0.146875 0.528125 0.175000 0.239583
0 0.440625 0.119792 0.303125 0.235417
1 0.662500 0.371875 0.150000 0.177083
1 0.127344 0.243750 0.160938 0.208333
1 0.914844 0.221875 0.167187 0.210417
1 0.349219 0.702083 0.176563 0.175000
1 0.153125 0.900000 0.178125 0.195833
1 0.246875 0.190625 0.153125 0.193750
1 0.406250 0.895833 0.187500 0.204167
1 0.309375 0.459375 0.140625 0.185417
1 0.478125 0.537500 0.193750 0.220833
1 0.920312 0.100000 0.156250 0.187500
1 0.753125 0.392708 0.131250 0.206250
1 0.910937 0.476042 0.175000 0.239583
1 0.315625 0.851042 0.146875 0.189583
1 0.731250 0.659375 0.165625 0.214583
1 0.825000 0.921875 0.181250 0.152083
1 0.392188 0.317708 0.146875 0.168750
1 0.799219 0.690625 0.120313 0.189583
1 0.671875 0.134375 0.190625 0.268750
1 0.906250 0.738542 0.168750 0.202083
