1 0.079167 0.366391 0.158333 0.280992
1 0.927778 0.170799 0.138889 0.214876
1 0.909722 0.870523 0.175000 0.253444
1 0.465278 0.212121 0.219444 0.220386
1 0.829167 0.666667 0.275000 0.209366
1 0.611111 0.057851 0.261111 0.115702
1 0.261111 0.316804 0.205556 0.242424
1 0.134722 0.902204 0.241667 0.190083
1 0.800000 0.358127 0.222222 0.203857
1 0.379167 0.742424 0.219444 0.250689
1 0.283333 0.526171 0.194444 0.264463
1 0.730556 0.939394 0.205556 0.115702
1 0.716667 0.190083 0.216667 0.198347
1 0.590278 0.782369 0.269444 0.264463
2 0.880556 0.516529 0.116667 0.112948
0 0.507870 0.490052 0.284259 0.336700
