1 0.825217 0.586957 0.224348 0.231304
1 0.198261 0.619130 0.215652 0.250435
1 0.800000 0.109565 0.281739 0.219130
1 0.271304 0.080870 0.205217 0.158261
1 0.090435 0.105217 0.177391 0.210435
1 0.093913 0.235652 0.187826 0.234783
1 0.915652 0.772174 0.165217 0.267826
1 0.731304 0.725217 0.227826 0.257391
1 0.240000 0.889565 0.240000 0.210435
1 0.823478 0.889565 0.346087 0.213913
0 0.491304 0.378261 0.370435 0.627826
1 0.596522 0.808696 0.222609 0.212174
1 0.310435 0.777391 0.227826 0.240000
1 0.271304 0.144348 0.208696 0.146087
1 0.086087 0.919130 0.172174 0.158261
1 0.792174 0.482609 0.200000 0.175652
