1 0.750000 0.348485 0.200000 0.212121
1 0.191667 0.625344 0.177778 0.187328
1 0.698611 0.068871 0.247222 0.137741
1 0.950000 0.787879 0.094444 0.236915
1 0.926389 0.314050 0.141667 0.209366
1 0.288889 0.060606 0.250000 0.121212
1 0.890278 0.520661 0.213889 0.220386
1 0.055556 0.575758 0.111111 0.192837
1 0.794444 0.771350 0.222222 0.253444
1 0.705556 0.246556 0.211111 0.179063
1 0.605556 0.900826 0.172222 0.181818
1 0.495833 0.123967 0.219444 0.176309
1 0.269444 0.931129 0.188889 0.132231
1 0.476389 0.950413 0.191667 0.093664
2 0.076389 0.960055 0.113889 0.074380
1 0.118056 0.848485 0.180556 0.214876
1 0.056944 0.460055 0.113889 0.143251
1 0.208333 0.362259 0.200000 0.206612
1 0.694444 0.906336 0.155556 0.181818
1 0.305556 0.867769 0.200000 0.159780
1 0.229167 0.257576 0.202778 0.168044
0 0.511265 0.494031 0.452778 0.607285
