1 0.904167 0.180441 0.186111 0.195592
1 0.905556 0.398072 0.183333 0.239669
1 0.066667 0.790634 0.127778 0.264463
1 0.279167 0.730028 0.208333 0.214876
1 0.362500 0.926997 0.219444 0.140496
1 0.493056 0.730028 0.202778 0.220386
1 0.331944 0.101928 0.163889 0.203857
1 0.876389 0.801653 0.208333 0.231405
1 0.130556 0.089532 0.227778 0.179063
1 0.795833 0.612948 0.197222 0.173554
1 0.698611 0.162534 0.208333 0.209366
1 0.176389 0.545455 0.213889 0.209366
1 0.166667 0.294766 0.233333 0.214876
1 0.648611 0.760331 0.230556 0.209366
1 0.741667 0.522039 0.194444 0.179063
0 0.501389 0.498623 0.252778 0.236915
