1 0.218750 0.107422 0.218750 0.214844
1 0.607422 0.890625 0.238281 0.203125
1 0.839844 0.085938 0.234375 0.171875
1 0.376953 0.906250 0.207031 0.171875
1 0.093750 0.218750 0.187500 0.265625
1 0.652344 0.273438 0.234375 0.234375
1 0.169922 0.906250 0.253906 0.171875
1 0.705078 0.097656 0.230469 0.195312
1 0.121094 0.703125 0.234375 0.250000
1 0.078125 0.580078 0.156250 0.230469
1 0.232422 0.529297 0.214844 0.222656
1 0.496094 0.324219 0.257812 0.226562
1 0.900391 0.220703 0.191406 0.230469
1 0.904297 0.462891 0.183594 0.253906
1 0.455078 0.121094 0.269531 0.234375
1 0.375000 0.535156 0.156250 0.234375
1 0.375000 0.283203 0.234375 0.246094
0 0.820312 0.720703 0.335938 0.339844
1 0.234375 0.728516 0.171875 0.222656
1 0.603516 0.513672 0.308594 0.238281
