1 0.306957 0.815652 0.266087 0.243478
1 0.361739 0.068696 0.281739 0.133913
1 0.068696 0.811304 0.133913 0.248696
1 0.241739 0.240870 0.243478 0.238261
1 0.935652 0.626957 0.125217 0.266087
1 0.065217 0.246087 0.130435 0.252174
1 0.544348 0.931304 0.257391 0.130435
1 0.886087 0.231304 0.224348 0.250435
1 0.114783 0.088696 0.226087 0.173913
1 0.787826 0.669565 0.194783 0.205217
1 0.563478 0.814783 0.236522 0.224348
1 0.609565 0.055652 0.238261 0.111304
0 0.500870 0.497391 0.476522 0.462609
1 0.091304 0.595652 0.182609 0.217391
1 0.147826 0.454783 0.240000 0.227826
