0 0.303749 0.354692 0.295339 0.442927
1 0.156250 0.835417 0.165625 0.212500
1 0.926562 0.433333 0.143750 0.237500
1 0.673438 0.211458 0.168750 0.218750
1 0.550000 0.567708 0.168750 0.206250
1 0.818750 0.601042 0.162500 0.189583
1 0.489844 0.844792 0.185938 0.206250
1 0.224219 0.097917 0.167187 0.191667
2 0.550000 0.312500 0.059375 0.079167
1 0.717969 0.465625 0.167187 0.218750
2 0.980469 0.265625 0.035937 0.106250
1 0.814844 0.183333 0.170313 0.175000
1 0.758594 0.855208 0.160938 0.231250
1 0.058594 0.154167 0.114062 0.208333
1 0.385937 0.086458 0.140625 0.168750
1 0.687500 0.085417 0.175000 0.166667
1 0.152344 0.552083 0.167187 0.200000
1 0.225000 0.615625 0.162500 0.168750
1 0.856250 0.911458 0.162500 0.172917
1 0.231250 0.936458 0.178125 0.122917
1 0.675000 0.716667 0.187500 0.237500
1 0.468750 0.721875 0.187500 0.181250
1 0.334375 0.754167 0.125000 0.195833
