1 0.080556 0.822314 0.161111 0.223140
1 0.795833 0.767218 0.236111 0.316804
1 0.848611 0.162534 0.269444 0.209366
1 0.573611 0.176309 0.280556 0.236915
1 0.751389 0.303030 0.291667 0.198347
1 0.605556 0.871901 0.338889 0.250689
1 0.301389 0.129477 0.263889 0.258953
1 0.123611 0.358127 0.247222 0.214876
1 0.141667 0.542700 0.216667 0.209366
1 0.179167 0.198347 0.275000 0.214876
1 0.272222 0.873278 0.305556 0.209366
1 0.795833 0.494490 0.252778 0.206612
1 0.190278 0.723140 0.208333 0.168044
0 0.497994 0.494031 0.531790 0.595041
