0 0.371875 0.526042 0.328125 0.456250
1 0.922656 0.259375 0.151562 0.218750
1 0.743750 0.231250 0.187500 0.250000
1 0.371875 0.832292 0.153125 0.181250
1 0.209375 0.243750 0.171875 0.179167
1 0.525000 0.953125 0.165625 0.089583
1 0.512500 0.200000 0.165625 0.212500
1 0.384375 0.069792 0.156250 0.135417
1 0.723437 0.497917 0.212500 0.195833
1 0.712500 0.817708 0.178125 0.193750
1 0.083594 0.376042 0.164062 0.227083
2 0.077344 0.637500 0.060937 0.083333
1 0.067969 0.858333 0.135937 0.200000
1 0.381250 0.213542 0.203125 0.197917
1 0.603125 0.730208 0.150000 0.206250
1 0.952344 0.471875 0.092188 0.218750
1 0.759375 0.704167 0.153125 0.200000
1 0.496875 0.810417 0.128125 0.170833
1 0.565625 0.070833 0.168750 0.137500
1 0.048438 0.133333 0.093750 0.212500
1 0.042969 0.738542 0.085938 0.206250
1 0.149219 0.584375 0.123438 0.193750
1 0.158594 0.431250 0.117188 0.158333
