1 0.075000 0.833333 0.150000 0.206612
1 0.902778 0.409091 0.188889 0.206612
1 0.095833 0.126722 0.191667 0.198347
1 0.620833 0.935262 0.202778 0.123967
1 0.675000 0.763085 0.194444 0.203857
1 0.223611 0.917355 0.180556 0.159780
1 0.154167 0.320937 0.225000 0.190083
1 0.387500 0.066116 0.191667 0.132231
1 0.830556 0.601928 0.188889 0.195592
1 0.859722 0.889807 0.202778 0.214876
1 0.179167 0.579890 0.175000 0.250689
1 0.343056 0.785124 0.225000 0.220386
1 0.826389 0.243802 0.225000 0.195592
1 0.738889 0.074380 0.200000 0.148760
1 0.597222 0.194215 0.244444 0.168044
0 0.505710 0.506428 0.523765 0.491889
