1 0.187500 0.421875 0.234375 0.265625
1 0.230469 0.826172 0.250000 0.253906
1 0.111328 0.181641 0.222656 0.292969
1 0.781250 0.765625 0.218750 0.250000
1 0.886719 0.408203 0.218750 0.230469
1 0.109375 0.654297 0.218750 0.246094
1 0.671875 0.904297 0.250000 0.183594
1 0.468750 0.171875 0.281250 0.281250
1 0.810547 0.265625 0.277344 0.250000
1 0.406250 0.751953 0.250000 0.246094
1 0.923828 0.773438 0.136719 0.234375
1 0.111328 0.884766 0.222656 0.222656
1 0.392578 0.357422 0.253906 0.214844
1 0.812500 0.113281 0.281250 0.226562
0 0.626953 0.546875 0.441406 0.414062
