1 0.087500 0.176309 0.175000 0.220386
1 0.905556 0.734160 0.183333 0.190083
1 0.062500 0.855372 0.125000 0.256198
1 0.126389 0.453168 0.208333 0.267218
1 0.229167 0.252066 0.197222 0.267218
1 0.388889 0.092287 0.244444 0.184573
1 0.495833 0.920110 0.219444 0.154270
1 0.295833 0.884298 0.247222 0.192837
1 0.818056 0.287879 0.219444 0.239669
1 0.215278 0.706612 0.252778 0.212121
1 0.881944 0.546832 0.230556 0.184573
2 0.631944 0.154270 0.102778 0.093664
2 0.331944 0.683196 0.097222 0.093664
0 0.514815 0.504438 0.479630 0.610958
1 0.526389 0.162534 0.208333 0.280992
