1 0.080556 0.643251 0.161111 0.256198
1 0.170833 0.261708 0.202778 0.214876
1 0.381944 0.185950 0.202778 0.201102
1 0.143056 0.068871 0.197222 0.137741
1 0.913889 0.070248 0.166667 0.140496
1 0.700000 0.892562 0.238889 0.209366
1 0.920833 0.479339 0.152778 0.258953
1 0.198611 0.826446 0.219444 0.214876
1 0.200000 0.487603 0.211111 0.220386
1 0.836111 0.258953 0.222222 0.242424
1 0.608333 0.179063 0.205556 0.214876
1 0.751389 0.629477 0.213889 0.261708
1 0.411111 0.775482 0.222222 0.212121
2 0.050000 0.180441 0.077778 0.074380
0 0.502778 0.505510 0.361111 0.366391
