1 0.608696 0.907826 0.212174 0.180870
1 0.826087 0.911304 0.226087 0.173913
1 0.095652 0.082609 0.191304 0.161739
1 0.776522 0.798261 0.189565 0.215652
1 0.113913 0.588696 0.227826 0.231304
1 0.634783 0.083478 0.236522 0.163478
1 0.899130 0.591304 0.198261 0.205217
1 0.259130 0.786957 0.208696 0.227826
1 0.080000 0.803478 0.160000 0.226087
1 0.083478 0.916522 0.166957 0.163478
1 0.849565 0.183478 0.241739 0.248696
1 0.783478 0.433043 0.210435 0.215652
1 0.073043 0.280000 0.146087 0.240000
1 0.094783 0.363478 0.168696 0.233043
1 0.782609 0.591304 0.194783 0.215652
1 0.917391 0.167826 0.158261 0.231304
0 0.495652 0.516522 0.396522 0.511304
1 0.314783 0.208696 0.240000 0.264348
1 0.208696 0.357391 0.177391 0.203478
1 0.426957 0.154783 0.252174 0.205217
