1 0.140625 0.880208 0.187500 0.218750
1 0.778125 0.829167 0.181250 0.208333
1 0.661719 0.326042 0.173437 0.222917
0 0.254688 0.529167 0.343750 0.425000
1 0.096094 0.181250 0.182812 0.204167
1 0.514844 0.455208 0.189062 0.181250
1 0.402344 0.075000 0.173437 0.150000
1 0.678125 0.090625 0.162500 0.181250
1 0.935937 0.389583 0.125000 0.187500
1 0.086719 0.671875 0.167187 0.197917
1 0.234375 0.072917 0.162500 0.141667
1 0.606250 0.645833 0.168750 0.212500
1 0.571875 0.740625 0.156250 0.210417
2 0.871875 0.522917 0.096875 0.133333
1 0.071094 0.372917 0.139063 0.195833
1 0.946094 0.833333 0.104688 0.175000
2 0.471094 0.870833 0.073438 0.100000
1 0.375000 0.234375 0.187500 0.231250
1 0.343750 0.806250 0.159375 0.175000
1 0.868750 0.252083 0.150000 0.212500
1 0.760938 0.052083 0.165625 0.100000
