1 0.715625 0.204167 0.181250 0.220833
1 0.190625 0.526042 0.150000 0.210417
1 0.327344 0.220833 0.170313 0.212500
1 0.453125 0.431250 0.181250 0.225000
1 0.342969 0.570833 0.189062 0.212500
1 0.932813 0.122917 0.128125 0.212500
1 0.931250 0.837500 0.131250 0.225000
1 0.559375 0.073958 0.175000 0.143750
1 0.174219 0.312500 0.173437 0.225000
0 0.558594 0.862500 0.298438 0.258333
1 0.564844 0.622917 0.182812 0.216667
1 0.286719 0.762500 0.204687 0.175000
1 0.254688 0.928125 0.200000 0.139583
1 0.089063 0.076042 0.143750 0.147917
1 0.771094 0.452083 0.189062 0.225000
2 0.112500 0.811458 0.053125 0.068750
1 0.178125 0.079167 0.162500 0.154167
1 0.071094 0.911458 0.142187 0.172917
1 0.364844 0.915625 0.114062 0.164583
1 0.843750 0.456250 0.100000 0.250000
