0 0.671094 0.431250 0.323437 0.408333
1 0.506250 0.720833 0.168750 0.250000
1 0.334375 0.393750 0.187500 0.220833
1 0.721875 0.888542 0.187500 0.197917
1 0.104688 0.626042 0.184375 0.202083
1 0.178125 0.085417 0.150000 0.166667
1 0.881250 0.614583 0.187500 0.208333
1 0.450000 0.921875 0.168750 0.152083
1 0.080469 0.265625 0.157812 0.197917
1 0.853125 0.182292 0.156250 0.256250
1 0.276595 0.755637 0.150066 0.236275
1 0.687500 0.707292 0.156250 0.168750
1 0.096875 0.814583 0.190625 0.225000
1 0.461719 0.351042 0.164062 0.239583
1 0.256250 0.195833 0.162500 0.195833
2 0.580469 0.883333 0.076563 0.112500
1 0.553125 0.119792 0.153125 0.235417
1 0.083594 0.452083 0.167187 0.187500
2 0.017969 0.792708 0.035937 0.068750
1 0.696875 0.163542 0.175000 0.172917
1 0.187500 0.297917 0.150000 0.208333
2 0.965625 0.321875 0.065625 0.102083
1 0.356250 0.063542 0.212500 0.122917
1 0.354911 0.759979 0.108981 0.220588
