1 0.465625 0.109375 0.165625 0.214583
0 0.568750 0.847917 0.356250 0.291667
1 0.367188 0.643750 0.193750 0.208333
1 0.109375 0.587500 0.181250 0.204167
1 0.923438 0.336458 0.150000 0.193750
1 0.762500 0.725000 0.168750 0.204167
1 0.125000 0.244792 0.196875 0.231250
1 0.334375 0.388542 0.190625 0.260417
1 0.954688 0.808333 0.087500 0.208333
1 0.945312 0.647917 0.106250 0.245833
1 0.767188 0.057292 0.168750 0.110417
1 0.306250 0.101042 0.171875 0.177083
1 0.512500 0.526042 0.171875 0.193750
2 0.925000 0.528125 0.068750 0.089583
1 0.415625 0.303125 0.156250 0.214583
1 0.050000 0.723958 0.100000 0.218750
1 0.573438 0.259375 0.150000 0.202083
1 0.862500 0.931250 0.212500 0.133333
1 0.662500 0.200000 0.165625 0.195833
1 0.799219 0.210417 0.114062 0.145833
1 0.671875 0.508333 0.125000 0.187500
