1 0.878125 0.488542 0.162500 0.231250
0 0.128125 0.350000 0.250000 0.445833
1 0.301563 0.205208 0.178125 0.218750
1 0.790625 0.103125 0.165625 0.206250
1 0.731250 0.793750 0.171875 0.208333
1 0.621094 0.654167 0.176563 0.225000
1 0.424219 0.431250 0.176563 0.233333
1 0.454688 0.862500 0.171875 0.216667
1 0.271875 0.869792 0.150000 0.202083
1 0.800000 0.676042 0.165625 0.206250
1 0.696875 0.356250 0.159375 0.208333
1 0.462500 0.238542 0.181250 0.227083
1 0.555469 0.434375 0.167187 0.239583
1 0.339017 0.672663 0.137592 0.175508
1 0.065625 0.911458 0.131250 0.172917
1 0.543750 0.067708 0.181250 0.131250
1 0.628125 0.138542 0.187500 0.256250
1 0.196094 0.744792 0.154688 0.218750
1 0.668750 0.934375 0.181250 0.127083
1 0.862500 0.906250 0.112500 0.183333
1 0.133009 0.626050 0.177258 0.196078
1 0.253808 0.500875 0.145746 0.203081
