1 0.856522 0.523478 0.224348 0.253913
1 0.665217 0.109565 0.252174 0.219130
1 0.903478 0.834783 0.189565 0.295652
1 0.883478 0.073043 0.226087 0.146087
1 0.719130 0.311304 0.231304 0.292174
0 0.490504 0.511643 0.387826 0.365217
1 0.283478 0.139130 0.226087 0.201739
1 0.384348 0.933913 0.271304 0.128696
1 0.094783 0.130435 0.186087 0.212174
1 0.091304 0.761739 0.182609 0.201739
1 0.103478 0.597391 0.206957 0.182609
1 0.111304 0.504348 0.222609 0.146087
1 0.135652 0.401739 0.222609 0.184348
1 0.119130 0.298261 0.238261 0.161739
1 0.577391 0.900000 0.243478 0.196522
1 0.626957 0.737391 0.241739 0.149565
1 0.814783 0.741739 0.186087 0.217391
