1 0.069444 0.358127 0.138889 0.187328
1 0.858333 0.836088 0.211111 0.195592
1 0.784722 0.570248 0.197222 0.203857
1 0.752778 0.066116 0.227778 0.132231
1 0.650000 0.739669 0.216667 0.206612
1 0.206944 0.528926 0.180556 0.214876
1 0.943056 0.497245 0.108333 0.217631
1 0.936111 0.079890 0.122222 0.159780
1 0.433333 0.086777 0.244444 0.173554
1 0.386111 0.738292 0.205556 0.236915
1 0.212500 0.185950 0.230556 0.195592
1 0.143056 0.741047 0.241667 0.187328
2 0.055556 0.099174 0.100000 0.099174
1 0.793056 0.362259 0.202778 0.201102
1 0.620833 0.950413 0.219444 0.093664
1 0.530556 0.911846 0.205556 0.170799
1 0.243056 0.400826 0.202778 0.201102
0 0.494599 0.501224 0.371914 0.473523
