1 0.889565 0.149565 0.217391 0.240000
1 0.361739 0.920000 0.212174 0.156522
1 0.114783 0.204348 0.226087 0.248696
1 0.880870 0.553913 0.231304 0.210435
1 0.376522 0.186957 0.262609 0.248696
1 0.926087 0.360870 0.144348 0.248696
1 0.807826 0.810435 0.259130 0.309565
1 0.053913 0.760870 0.107826 0.224348
1 0.577391 0.108696 0.233043 0.213913
1 0.154783 0.440870 0.208696 0.203478
1 0.591304 0.902609 0.250435 0.191304
0 0.511304 0.526957 0.406957 0.566957
1 0.120000 0.560870 0.226087 0.227826
1 0.137391 0.814783 0.198261 0.210435
1 0.695652 0.106087 0.191304 0.212174
