1 0.392188 0.148958 0.156250 0.206250
1 0.900000 0.810417 0.181250 0.212500
1 0.550000 0.298958 0.165625 0.193750
1 0.934375 0.088542 0.128125 0.172917
1 0.037500 0.106250 0.075000 0.208333
0 0.775000 0.294792 0.218750 0.272917
1 0.181250 0.254167 0.181250 0.254167
1 0.293750 0.943750 0.187500 0.108333
1 0.636719 0.101042 0.176563 0.197917
1 0.371875 0.466667 0.168750 0.212500
1 0.909375 0.667708 0.162500 0.193750
1 0.280469 0.055208 0.157812 0.106250
1 0.050000 0.819792 0.096875 0.243750
1 0.952344 0.459375 0.092188 0.222917
1 0.531250 0.905208 0.131250 0.185417
1 0.057813 0.368750 0.112500 0.183333
1 0.121875 0.946875 0.171875 0.102083
1 0.114844 0.591667 0.142187 0.204167
1 0.561719 0.675000 0.179688 0.225000
1 0.225000 0.476042 0.156250 0.227083
1 0.250000 0.729167 0.203125 0.254167
1 0.475000 0.120833 0.143750 0.195833
1 0.531250 0.402083 0.146875 0.162500
1 0.392188 0.706250 0.162500 0.270833
1 0.606250 0.772917 0.150000 0.137500
