0 0.493750 0.805208 0.368750 0.385417
1 0.301563 0.166667 0.181250 0.183333
1 0.893750 0.662500 0.184375 0.225000
1 0.509375 0.164583 0.171875 0.200000
1 0.214844 0.889583 0.139063 0.200000
1 0.855469 0.886458 0.160938 0.206250
1 0.958594 0.134375 0.079687 0.235417
1 0.139844 0.553125 0.135937 0.172917
1 0.725000 0.726042 0.156250 0.206250
1 0.446875 0.322917 0.187500 0.241667
1 0.053125 0.485417 0.106250 0.195833
1 0.078125 0.715625 0.150000 0.197917
1 0.792969 0.241667 0.145313 0.216667
1 0.683594 0.416667 0.170313 0.270833
1 0.134375 0.183333 0.125000 0.175000
1 0.109375 0.105208 0.159375 0.193750
1 0.731250 0.925000 0.156250 0.145833
1 0.073438 0.898958 0.146875 0.197917
1 0.275000 0.737500 0.156250 0.212500
1 0.450000 0.055208 0.184375 0.106250
1 0.855469 0.342708 0.117188 0.156250
