1 0.090278 0.803030 0.180556 0.212121
1 0.070833 0.480716 0.141667 0.217631
1 0.523611 0.107438 0.247222 0.214876
1 0.940278 0.413223 0.113889 0.220386
1 0.212500 0.322314 0.225000 0.225895
1 0.576389 0.242424 0.175000 0.192837
1 0.259722 0.674931 0.230556 0.242424
1 0.380556 0.935262 0.211111 0.123967
1 0.836111 0.816804 0.216667 0.272727
1 0.595833 0.871901 0.252778 0.250689
1 0.900000 0.106061 0.194444 0.212121
1 0.747222 0.670799 0.250000 0.228650
1 0.790278 0.264463 0.236111 0.225895
2 0.252778 0.063361 0.094444 0.093664
2 0.722222 0.511019 0.083333 0.085399
0 0.500000 0.508264 0.338889 0.355372
2 0.439352 0.263698 0.112037 0.125191
