1 0.729565 0.789565 0.245217 0.281739
1 0.894783 0.907826 0.203478 0.180870
1 0.387826 0.833043 0.240000 0.240000
1 0.839130 0.249565 0.227826 0.259130
1 0.154783 0.899130 0.246957 0.198261
1 0.363478 0.140000 0.253913 0.241739
1 0.915652 0.581739 0.165217 0.203478
1 0.825217 0.060870 0.290435 0.118261
0 0.500870 0.489565 0.316522 0.457391
1 0.212174 0.380870 0.253913 0.274783
1 0.716522 0.130435 0.253913 0.257391
1 0.090435 0.267826 0.177391 0.187826
1 0.923478 0.420870 0.149565 0.236522
1 0.109565 0.617391 0.198261 0.208696
1 0.137391 0.777391 0.243478 0.191304
1 0.086957 0.080870 0.170435 0.158261
1 0.188696 0.057391 0.220870 0.114783
1 0.189565 0.200000 0.177391 0.173913
