1 0.498611 0.790634 0.191667 0.192837
1 0.291667 0.724518 0.194444 0.198347
1 0.080556 0.774105 0.161111 0.220386
1 0.216667 0.421488 0.188889 0.214876
1 0.940278 0.538567 0.113889 0.239669
1 0.779167 0.092287 0.236111 0.179063
1 0.680556 0.260331 0.177778 0.184573
1 0.323611 0.187328 0.180556 0.181818
1 0.565278 0.940771 0.186111 0.112948
1 0.098611 0.515152 0.191667 0.236915
1 0.105556 0.241047 0.211111 0.234160
1 0.780556 0.865014 0.227778 0.220386
1 0.945833 0.253444 0.102778 0.209366
1 0.787500 0.512397 0.180556 0.247934
0 0.504167 0.501377 0.397222 0.374656
