1 0.901389 0.245179 0.191667 0.220386
1 0.204167 0.468320 0.180556 0.192837
1 0.850000 0.104683 0.205556 0.209366
1 0.066667 0.590909 0.133333 0.256198
1 0.227778 0.947658 0.222222 0.099174
1 0.126389 0.159780 0.230556 0.220386
1 0.852778 0.432507 0.227778 0.225895
1 0.786111 0.546832 0.188889 0.283747
1 0.941667 0.838843 0.111111 0.212121
0 0.505556 0.498623 0.350000 0.352617
2 0.395833 0.278237 0.097222 0.093664
2 0.958333 0.769972 0.077778 0.101928
1 0.283333 0.136364 0.188889 0.206612
2 0.775000 0.289256 0.105556 0.082645
1 0.950000 0.607438 0.094444 0.212121
