1 0.904167 0.217631 0.186111 0.214876
1 0.659722 0.900826 0.208333 0.192837
1 0.902778 0.564738 0.188889 0.231405
1 0.243056 0.695592 0.202778 0.217631
1 0.069444 0.696970 0.138889 0.220386
1 0.319444 0.199725 0.238889 0.223140
1 0.831944 0.129477 0.213889 0.203857
1 0.111111 0.267218 0.216667 0.275482
1 0.625000 0.082645 0.233333 0.165289
1 0.180556 0.477961 0.216667 0.239669
1 0.391667 0.073003 0.233333 0.140496
1 0.055556 0.126722 0.105556 0.220386
1 0.343056 0.938017 0.252778 0.118457
1 0.681944 0.242424 0.208333 0.198347
1 0.481944 0.823691 0.236111 0.220386
1 0.797222 0.571625 0.166667 0.245179
1 0.854167 0.858127 0.191667 0.173554
0 0.504167 0.495868 0.469444 0.457300
