1 0.733333 0.075758 0.205556 0.151515
1 0.608333 0.190083 0.211111 0.198347
1 0.154167 0.092287 0.208333 0.184573
1 0.811111 0.260331 0.183333 0.217631
1 0.484722 0.825069 0.208333 0.184573
1 0.054167 0.899449 0.108333 0.195592
1 0.815278 0.614325 0.186111 0.209366
1 0.679167 0.750689 0.175000 0.195592
1 0.295833 0.256198 0.169444 0.198347
1 0.206944 0.449036 0.175000 0.220386
1 0.141667 0.701102 0.211111 0.190083
1 0.902778 0.247934 0.188889 0.192837
1 0.251389 0.825069 0.213889 0.206612
1 0.798611 0.892562 0.219444 0.209366
1 0.073611 0.356749 0.147222 0.223140
1 0.562500 0.902204 0.202778 0.190083
1 0.493056 0.052342 0.191667 0.104683
1 0.055556 0.654270 0.111111 0.206612
1 0.122222 0.280992 0.172222 0.170799
0 0.506019 0.501530 0.420062 0.454545
