1 0.112500 0.220386 0.202778 0.220386
1 0.165278 0.600551 0.202778 0.214876
1 0.154167 0.819559 0.208333 0.206612
1 0.236111 0.417355 0.188889 0.195592
1 0.631944 0.265840 0.208333 0.190083
1 0.620833 0.724518 0.197222 0.209366
1 0.051389 0.688705 0.102778 0.203857
1 0.827778 0.337466 0.194444 0.201102
1 0.068056 0.447658 0.136111 0.206612
1 0.401389 0.084022 0.219444 0.168044
1 0.870833 0.549587 0.241667 0.206612
1 0.365278 0.853994 0.213889 0.192837
1 0.863889 0.103306 0.233333 0.206612
1 0.184722 0.055096 0.213889 0.110193
1 0.894444 0.827824 0.205556 0.173554
1 0.345833 0.657025 0.175000 0.206612
1 0.431944 0.198347 0.186111 0.192837
1 0.734722 0.699725 0.180556 0.192837
2 0.479167 0.964187 0.091667 0.066116
0 0.505864 0.502143 0.337037 0.373737
