0 0.443862 0.467393 0.334152 0.455620
1 0.062500 0.666667 0.125000 0.220833
1 0.481250 0.795833 0.168750 0.237500
1 0.718750 0.389583 0.162500 0.200000
1 0.252344 0.841667 0.173437 0.204167
1 0.518750 0.153125 0.178125 0.210417
1 0.843750 0.217708 0.171875 0.218750
1 0.149219 0.389583 0.164062 0.250000
1 0.431250 0.943750 0.171875 0.108333
1 0.189844 0.177083 0.179688 0.212500
1 0.952344 0.813542 0.092188 0.202083
1 0.749219 0.906250 0.151562 0.183333
1 0.760938 0.101042 0.159375 0.197917
1 0.637500 0.637500 0.168750 0.212500
1 0.118750 0.225000 0.175000 0.220833
1 0.768750 0.822917 0.165625 0.212500
1 0.856250 0.728125 0.146875 0.193750
1 0.664844 0.218750 0.145313 0.187500
