0 0.417969 0.459375 0.282813 0.381250
1 0.827344 0.456250 0.160938 0.204167
1 0.674219 0.385417 0.167187 0.229167
1 0.681250 0.737500 0.181250 0.216667
1 0.125000 0.725000 0.196875 0.225000
1 0.953906 0.465625 0.089063 0.235417
1 0.075000 0.229167 0.150000 0.212500
1 0.396094 0.875000 0.167187 0.200000
1 0.840625 0.102083 0.162500 0.200000
1 0.293750 0.707292 0.168750 0.214583
1 0.118750 0.529167 0.156250 0.195833
1 0.461719 0.169792 0.185938 0.231250
1 0.729688 0.937500 0.196875 0.120833
1 0.499219 0.819792 0.179688 0.227083
1 0.671875 0.161458 0.200000 0.206250
1 0.115625 0.921875 0.218750 0.152083
1 0.878125 0.789583 0.146875 0.200000
1 0.590625 0.067708 0.175000 0.131250
1 0.362500 0.081250 0.171875 0.162500
1 0.899219 0.272917 0.154688 0.175000
1 0.836719 0.721875 0.132812 0.202083
1 0.218750 0.482292 0.112500 0.181250
2 0.715625 0.858333 0.059375 0.075000
