1 0.623611 0.055096 0.208333 0.110193
1 0.275000 0.337466 0.205556 0.206612
1 0.900000 0.271350 0.194444 0.201102
1 0.093056 0.625344 0.180556 0.203857
1 0.527778 0.199725 0.205556 0.201102
1 0.415278 0.055096 0.202778 0.110193
1 0.080556 0.269972 0.155556 0.176309
1 0.052778 0.884298 0.100000 0.220386
1 0.954167 0.461433 0.086111 0.217631
1 0.840278 0.549587 0.213889 0.250689
1 0.286111 0.743802 0.233333 0.214876
1 0.766667 0.847107 0.222222 0.223140
1 0.430556 0.928375 0.250000 0.137741
2 0.348611 0.874656 0.091667 0.085399
0 0.508333 0.508264 0.416667 0.360882
