1 0.245833 0.637741 0.186111 0.245179
1 0.112500 0.411846 0.219444 0.212121
1 0.093056 0.086777 0.186111 0.173554
1 0.933333 0.443526 0.127778 0.220386
1 0.316667 0.246556 0.211111 0.223140
1 0.708333 0.341598 0.216667 0.225895
1 0.280556 0.920110 0.216667 0.154270
1 0.695833 0.913223 0.252778 0.168044
1 0.423611 0.800275 0.230556 0.223140
1 0.702778 0.706612 0.222222 0.201102
2 0.063889 0.590909 0.088889 0.079890
0 0.506944 0.519284 0.369444 0.382920
2 0.887500 0.972452 0.086111 0.049587
2 0.122222 0.957300 0.100000 0.079890
