0 0.453125 0.326042 0.321875 0.435417
1 0.783594 0.647917 0.204687 0.233333
1 0.796094 0.882292 0.182812 0.227083
1 0.078125 0.656250 0.156250 0.237500
1 0.356250 0.822917 0.193750 0.229167
1 0.205469 0.344792 0.179688 0.252083
1 0.600000 0.560417 0.156250 0.208333
1 0.533594 0.751042 0.201563 0.202083
1 0.823438 0.068750 0.162500 0.137500
1 0.405469 0.603125 0.164062 0.181250
1 0.134375 0.887500 0.196875 0.220833
1 0.942187 0.809375 0.112500 0.268750
1 0.727344 0.259375 0.214062 0.218750
1 0.621875 0.110417 0.156250 0.191667
1 0.871094 0.396875 0.145313 0.193750
1 0.335938 0.131250 0.184375 0.220833
1 0.846094 0.509375 0.123438 0.164583
