1 0.902778 0.803030 0.188889 0.195592
1 0.122222 0.073003 0.211111 0.146006
1 0.447222 0.847107 0.244444 0.228650
1 0.087500 0.261708 0.175000 0.209366
1 0.230556 0.440771 0.183333 0.181818
1 0.936111 0.274105 0.122222 0.217631
1 0.281944 0.214876 0.219444 0.214876
1 0.050000 0.476584 0.100000 0.225895
1 0.938889 0.601928 0.116667 0.223140
1 0.737500 0.099174 0.230556 0.198347
1 0.706944 0.731405 0.225000 0.245179
1 0.504167 0.169421 0.236111 0.228650
1 0.105556 0.921488 0.205556 0.151515
1 0.211111 0.734160 0.238889 0.217631
1 0.758333 0.341598 0.227778 0.198347
1 0.830556 0.477961 0.250000 0.217631
2 0.822222 0.246556 0.088889 0.090909
0 0.501080 0.507805 0.312654 0.408326
