1 0.246094 0.375000 0.242188 0.250000
1 0.189453 0.130859 0.246094 0.261719
1 0.750000 0.234375 0.218750 0.234375
1 0.765625 0.072266 0.250000 0.144531
1 0.531250 0.857422 0.250000 0.246094
1 0.423828 0.066406 0.269531 0.132812
1 0.929688 0.375000 0.132812 0.234375
1 0.785156 0.417969 0.218750 0.242188
1 0.169922 0.830078 0.277344 0.238281
1 0.742188 0.892578 0.234375 0.199219
1 0.234375 0.751953 0.250000 0.222656
1 0.404297 0.853516 0.191406 0.246094
1 0.072266 0.679688 0.144531 0.234375
1 0.861328 0.531250 0.246094 0.195312
1 0.078125 0.265625 0.156250 0.218750
1 0.816406 0.845703 0.242188 0.230469
0 0.505859 0.546875 0.363281 0.359375
