1 0.681250 0.663542 0.162500 0.202083
1 0.640625 0.890625 0.165625 0.214583
1 0.627344 0.309375 0.160938 0.218750
0 0.218750 0.642708 0.334375 0.393750
1 0.771875 0.438542 0.181250 0.231250
1 0.783594 0.111458 0.167187 0.218750
1 0.621875 0.093750 0.162500 0.183333
1 0.426563 0.927083 0.156250 0.141667
1 0.153125 0.259375 0.156250 0.231250
1 0.085938 0.384375 0.165625 0.218750
1 0.800000 0.915625 0.153125 0.164583
1 0.918750 0.136458 0.159375 0.193750
1 0.336719 0.246875 0.154688 0.235417
1 0.934375 0.279167 0.128125 0.175000
1 0.517969 0.419792 0.154688 0.177083
1 0.925000 0.793750 0.146875 0.204167
2 0.475000 0.217708 0.121875 0.143750
1 0.286719 0.328125 0.139063 0.218750
