0 0.471186 0.746367 0.351746 0.471901
1 0.181250 0.092708 0.171875 0.181250
1 0.925000 0.641667 0.146875 0.225000
1 0.880469 0.420833 0.154688 0.200000
1 0.106250 0.934375 0.171875 0.127083
1 0.756250 0.166667 0.165625 0.258333
1 0.328125 0.942708 0.203125 0.110417
1 0.781250 0.543750 0.140625 0.212500
1 0.335938 0.428125 0.200000 0.214583
1 0.181250 0.672917 0.181250 0.241667
1 0.518750 0.225000 0.143750 0.258333
1 0.092969 0.278125 0.182812 0.231250
1 0.918750 0.244792 0.159375 0.214583
2 0.137500 0.416667 0.078125 0.112500
1 0.620313 0.122917 0.109375 0.241667
1 0.812500 0.934375 0.171875 0.127083
2 0.292969 0.775000 0.070312 0.095833
1 0.878125 0.832292 0.209375 0.181250
1 0.250000 0.588542 0.150000 0.218750
