0 0.362500 0.392708 0.356250 0.468750
1 0.518750 0.119792 0.181250 0.222917
1 0.346094 0.813542 0.157812 0.197917
1 0.700000 0.716667 0.181250 0.220833
1 0.115625 0.301042 0.162500 0.214583
1 0.514062 0.746875 0.162500 0.218750
1 0.228125 0.932292 0.175000 0.131250
1 0.089063 0.108333 0.165625 0.195833
1 0.081250 0.764583 0.162500 0.225000
1 0.206250 0.661458 0.165625 0.210417
1 0.682813 0.234375 0.137500 0.193750
1 0.881250 0.883333 0.165625 0.212500
1 0.260937 0.080208 0.187500 0.156250
1 0.440625 0.925000 0.156250 0.145833
1 0.659375 0.485417 0.162500 0.229167
2 0.792969 0.487500 0.117188 0.145833
2 0.767188 0.127083 0.075000 0.095833
1 0.671875 0.947917 0.162500 0.100000
1 0.039062 0.453125 0.078125 0.227083
1 0.950000 0.587500 0.096875 0.212500
1 0.603125 0.282292 0.093750 0.168750
