1 0.213889 0.440771 0.211111 0.220386
1 0.076389 0.608815 0.147222 0.225895
1 0.543056 0.056474 0.213889 0.107438
1 0.904167 0.837466 0.186111 0.253444
1 0.598611 0.947658 0.219444 0.099174
1 0.919444 0.515152 0.155556 0.269972
1 0.390278 0.199725 0.213889 0.256198
1 0.393056 0.900826 0.236111 0.187328
1 0.205556 0.073003 0.238889 0.140496
1 0.129167 0.243802 0.236111 0.228650
1 0.680556 0.199725 0.233333 0.245179
1 0.245833 0.615702 0.213889 0.234160
1 0.941667 0.290634 0.111111 0.206612
1 0.143056 0.820937 0.202778 0.220386
1 0.741667 0.701102 0.244444 0.261708
1 0.429167 0.760331 0.247222 0.187328
2 0.515278 0.166667 0.075000 0.079890
0 0.508179 0.502449 0.394136 0.382308
