1 0.370435 0.097391 0.299130 0.191304
1 0.864348 0.379130 0.240000 0.236522
1 0.832174 0.601739 0.200000 0.201739
1 0.921739 0.897391 0.153043 0.198261
1 0.251304 0.766957 0.248696 0.229565
1 0.460000 0.888696 0.227826 0.219130
1 0.207826 0.936522 0.231304 0.123478
1 0.837391 0.189565 0.224348 0.233043
1 0.093913 0.606957 0.187826 0.229565
1 0.696522 0.798261 0.210435 0.173913
1 0.626957 0.194783 0.210435 0.236522
1 0.124348 0.062609 0.238261 0.121739
1 0.157391 0.188696 0.217391 0.269565
1 0.711304 0.907826 0.212174 0.180870
0 0.508696 0.492174 0.408696 0.584348
