0 0.688826 0.260881 0.323503 0.489898
1 0.355469 0.909375 0.198437 0.177083
1 0.528125 0.903125 0.178125 0.189583
1 0.481250 0.439583 0.175000 0.225000
1 0.771875 0.718750 0.153125 0.200000
1 0.167969 0.546875 0.185938 0.227083
1 0.715625 0.915625 0.203125 0.164583
1 0.048438 0.855208 0.093750 0.256250
1 0.493750 0.138542 0.150000 0.227083
1 0.340625 0.240625 0.159375 0.260417
1 0.287500 0.690625 0.209375 0.218750
1 0.503125 0.682292 0.165625 0.222917
1 0.099219 0.097917 0.151562 0.191667
1 0.862500 0.625000 0.140625 0.225000
1 0.642188 0.607292 0.128125 0.177083
