1 0.254167 0.683196 0.191667 0.209366
1 0.912500 0.556474 0.169444 0.214876
1 0.152778 0.431129 0.211111 0.190083
1 0.077778 0.790634 0.150000 0.236915
1 0.606944 0.938017 0.202778 0.118457
1 0.894444 0.790634 0.205556 0.214876
1 0.784722 0.075758 0.208333 0.146006
1 0.681944 0.760331 0.197222 0.214876
1 0.836111 0.344353 0.205556 0.220386
1 0.359722 0.172176 0.241667 0.201102
1 0.430556 0.814050 0.194444 0.223140
1 0.608333 0.190083 0.233333 0.203857
1 0.127778 0.944904 0.216667 0.104683
2 0.515278 0.082645 0.086111 0.082645
0 0.493056 0.498623 0.380556 0.385675
