1 0.491667 0.159780 0.205556 0.203857
1 0.726389 0.199725 0.186111 0.206612
1 0.068056 0.780992 0.130556 0.206612
1 0.919444 0.730028 0.155556 0.192837
1 0.809722 0.887052 0.180556 0.187328
1 0.925000 0.236915 0.144444 0.242424
1 0.440278 0.926997 0.202778 0.140496
1 0.069444 0.096419 0.138889 0.192837
1 0.290278 0.162534 0.180556 0.203857
1 0.104167 0.539945 0.208333 0.231405
1 0.091667 0.931129 0.177778 0.132231
1 0.181944 0.133609 0.186111 0.190083
1 0.173611 0.471074 0.180556 0.242424
1 0.855556 0.475207 0.211111 0.283747
0 0.504167 0.501377 0.386111 0.391185
