1 0.289565 0.137391 0.210435 0.236522
1 0.721739 0.184348 0.222609 0.243478
1 0.174783 0.722609 0.234783 0.231304
1 0.876522 0.366957 0.240000 0.250435
1 0.201739 0.299130 0.229565 0.250435
1 0.504348 0.164348 0.222609 0.280000
1 0.253043 0.894783 0.217391 0.203478
1 0.856522 0.067826 0.234783 0.135652
1 0.071304 0.617391 0.142609 0.271304
1 0.937391 0.687826 0.121739 0.269565
1 0.079130 0.899130 0.158261 0.198261
1 0.102609 0.067826 0.201739 0.135652
1 0.053043 0.341739 0.106087 0.252174
0 0.585217 0.504348 0.544348 0.573913
1 0.661739 0.886957 0.206957 0.222609
1 0.826957 0.792174 0.224348 0.200000
