1 0.478125 0.110417 0.156250 0.212500
1 0.174219 0.886458 0.154688 0.197917
0 0.579688 0.853125 0.365625 0.289583
1 0.046094 0.468750 0.089063 0.233333
1 0.342969 0.883333 0.167187 0.225000
1 0.425000 0.559375 0.146875 0.193750
1 0.478125 0.371875 0.165625 0.218750
1 0.689063 0.692708 0.168750 0.206250
1 0.298438 0.377083 0.196875 0.200000
1 0.640625 0.135417 0.165625 0.233333
1 0.237500 0.172917 0.171875 0.220833
1 0.083594 0.092708 0.164062 0.181250
1 0.056250 0.928125 0.109375 0.139583
1 0.718750 0.421875 0.131250 0.231250
1 0.152344 0.679167 0.167187 0.195833
1 0.306250 0.048958 0.171875 0.093750
1 0.193750 0.577083 0.131250 0.187500
2 0.231250 0.109375 0.068750 0.089583
1 0.881250 0.322917 0.143750 0.212500
1 0.881250 0.436458 0.162500 0.193750
1 0.943750 0.253125 0.109375 0.202083
1 0.876563 0.604167 0.162500 0.162500
1 0.871875 0.701042 0.137500 0.164583
1 0.825000 0.881250 0.203125 0.233333
