1 0.097222 0.093664 0.194444 0.187328
1 0.870833 0.073003 0.213889 0.146006
1 0.452778 0.121212 0.194444 0.214876
1 0.900000 0.829201 0.194444 0.203857
1 0.918056 0.559229 0.158333 0.220386
1 0.061111 0.702479 0.122222 0.242424
1 0.208333 0.611570 0.200000 0.225895
1 0.305556 0.891185 0.222222 0.212121
1 0.550000 0.888430 0.238889 0.217631
1 0.706944 0.731405 0.208333 0.223140
1 0.748611 0.363636 0.208333 0.258953
1 0.661111 0.136364 0.205556 0.239669
1 0.877778 0.316804 0.183333 0.192837
1 0.404167 0.735537 0.252778 0.176309
2 0.684722 0.960055 0.052778 0.074380
2 0.354167 0.212121 0.086111 0.071625
0 0.501698 0.502755 0.386111 0.395776
2 0.251389 0.024793 0.069444 0.049587
