0 0.065625 0.765625 0.128125 0.343750
1 0.246094 0.895833 0.192188 0.195833
1 0.418750 0.253125 0.181250 0.227083
1 0.265625 0.146875 0.181250 0.247917
1 0.887500 0.738542 0.168750 0.218750
1 0.753125 0.493750 0.184375 0.208333
1 0.915625 0.928125 0.165625 0.139583
1 0.292187 0.432292 0.196875 0.252083
1 0.439844 0.497917 0.176563 0.204167
1 0.915625 0.354167 0.153125 0.208333
1 0.287500 0.688542 0.187500 0.222917
1 0.925000 0.091667 0.143750 0.179167
1 0.702344 0.067708 0.139063 0.131250
1 0.696094 0.816667 0.164062 0.200000
1 0.442969 0.627083 0.189062 0.200000
1 0.054688 0.440625 0.106250 0.256250
1 0.614062 0.262500 0.193750 0.212500
1 0.850000 0.501042 0.187500 0.218750
1 0.164844 0.496875 0.157812 0.185417
1 0.556250 0.602083 0.162500 0.162500
1 0.559375 0.815625 0.156250 0.206250
