1 0.581944 0.911846 0.197222 0.170799
1 0.854167 0.198347 0.197222 0.214876
1 0.137500 0.146006 0.197222 0.198347
1 0.177778 0.468320 0.200000 0.214876
1 0.083333 0.825069 0.166667 0.179063
1 0.798611 0.928375 0.202778 0.137741
1 0.769444 0.049587 0.222222 0.099174
1 0.081944 0.568871 0.163889 0.157025
1 0.544444 0.044077 0.211111 0.088154
1 0.897222 0.418733 0.200000 0.253444
1 0.856944 0.630854 0.169444 0.176309
1 0.729167 0.213499 0.163889 0.184573
1 0.377778 0.831956 0.238889 0.231405
1 0.683333 0.723140 0.227778 0.217631
1 0.293056 0.705234 0.213889 0.192837
1 0.180556 0.692837 0.144444 0.201102
1 0.051389 0.384298 0.102778 0.201102
0 0.506944 0.495868 0.425000 0.396694
1 0.054167 0.717631 0.108333 0.157025
1 0.069444 0.297521 0.138889 0.137741
1 0.750000 0.633609 0.133333 0.176309
