1 0.069444 0.618457 0.138889 0.217631
1 0.063889 0.169421 0.122222 0.223140
1 0.741667 0.713499 0.261111 0.242424
1 0.441667 0.068871 0.227778 0.132231
1 0.925000 0.125344 0.144444 0.250689
1 0.101389 0.391185 0.197222 0.203857
1 0.818056 0.367769 0.202778 0.212121
1 0.279167 0.169421 0.241667 0.261708
1 0.202778 0.454545 0.183333 0.253444
1 0.829167 0.880165 0.230556 0.234160
1 0.554167 0.903581 0.219444 0.187328
1 0.283333 0.807163 0.250000 0.231405
1 0.765278 0.150138 0.208333 0.228650
2 0.954167 0.811295 0.086111 0.101928
0 0.505556 0.512397 0.483333 0.473829
