1 0.061739 0.899130 0.123478 0.198261
1 0.898261 0.097391 0.200000 0.191304
1 0.904348 0.914783 0.187826 0.166957
1 0.434783 0.943478 0.222609 0.109565
1 0.506957 0.200870 0.273043 0.255652
1 0.661739 0.893913 0.217391 0.208696
1 0.108696 0.057391 0.213913 0.114783
1 0.286087 0.723478 0.186087 0.323478
1 0.771304 0.638261 0.217391 0.226087
1 0.108696 0.791304 0.213913 0.236522
1 0.141739 0.312174 0.206957 0.213913
1 0.312174 0.386087 0.224348 0.320000
1 0.710435 0.360870 0.241739 0.238261
0 0.486957 0.525217 0.438261 0.368696
