1 0.114783 0.885217 0.201739 0.226087
1 0.511304 0.086087 0.212174 0.172174
1 0.254783 0.378261 0.182609 0.196522
1 0.775652 0.901739 0.201739 0.193043
1 0.556522 0.920000 0.198261 0.156522
1 0.202609 0.568696 0.217391 0.191304
1 0.743478 0.073913 0.231304 0.147826
1 0.267826 0.090435 0.226087 0.177391
1 0.897391 0.717391 0.201739 0.213913
1 0.665217 0.761739 0.248696 0.222609
1 0.811304 0.404348 0.196522 0.224348
1 0.294783 0.741739 0.234783 0.182609
1 0.631304 0.302609 0.194783 0.226087
1 0.346957 0.857391 0.213913 0.229565
0 0.508696 0.505217 0.311304 0.335652
1 0.780870 0.540000 0.215652 0.213913
