1 0.905556 0.838843 0.183333 0.228650
1 0.920833 0.621212 0.152778 0.206612
1 0.581944 0.057851 0.230556 0.115702
1 0.102778 0.066116 0.205556 0.132231
1 0.111111 0.326446 0.222222 0.228650
1 0.279167 0.929752 0.241667 0.134986
1 0.311111 0.214876 0.222222 0.220386
1 0.776389 0.865014 0.191667 0.220386
1 0.445833 0.779614 0.247222 0.258953
1 0.304167 0.736915 0.208333 0.223140
1 0.058333 0.614325 0.116667 0.231405
1 0.754167 0.194215 0.225000 0.239669
1 0.109722 0.574380 0.202778 0.223140
1 0.716667 0.070248 0.177778 0.140496
1 0.684722 0.257576 0.202778 0.206612
0 0.492901 0.519284 0.452469 0.437404
