1 0.921875 0.875000 0.140625 0.234375
1 0.751953 0.748047 0.246094 0.222656
1 0.878906 0.578125 0.226562 0.250000
1 0.203125 0.798828 0.250000 0.246094
1 0.125000 0.134766 0.250000 0.261719
1 0.765625 0.275391 0.250000 0.277344
1 0.375000 0.097656 0.281250 0.195312
1 0.386719 0.251953 0.234375 0.214844
1 0.548828 0.341797 0.230469 0.246094
1 0.095703 0.904297 0.191406 0.175781
1 0.701172 0.498047 0.222656 0.246094
1 0.775391 0.917969 0.246094 0.156250
1 0.066406 0.564453 0.132812 0.277344
1 0.187500 0.566406 0.171875 0.281250
0 0.453202 0.607154 0.415288 0.369332
