1 0.055556 0.410468 0.105556 0.258953
1 0.270833 0.922865 0.230556 0.148760
1 0.661111 0.257576 0.188889 0.206612
1 0.456944 0.118457 0.247222 0.236915
1 0.705556 0.688705 0.250000 0.258953
1 0.209722 0.359504 0.230556 0.228650
1 0.301389 0.155647 0.219444 0.223140
1 0.166667 0.815427 0.222222 0.203857
1 0.405556 0.841598 0.205556 0.234160
1 0.819444 0.301653 0.255556 0.228650
1 0.561111 0.876033 0.222222 0.225895
1 0.804167 0.486226 0.247222 0.239669
0 0.494907 0.535507 0.332407 0.398837
1 0.912500 0.691460 0.169444 0.292011
