1 0.086087 0.680000 0.172174 0.243478
1 0.860870 0.921739 0.236522 0.153043
1 0.804348 0.733913 0.238261 0.250435
1 0.599130 0.874783 0.262609 0.246957
1 0.271304 0.760000 0.205217 0.253913
1 0.205217 0.151304 0.257391 0.292174
1 0.103478 0.451304 0.203478 0.255652
1 0.260000 0.939130 0.252174 0.118261
1 0.769565 0.165217 0.227826 0.271304
0 0.491304 0.489565 0.495652 0.530435
1 0.840870 0.373043 0.255652 0.224348
1 0.929565 0.183478 0.137391 0.262609
1 0.526957 0.146087 0.243478 0.187826
1 0.592174 0.080000 0.266087 0.160000
