0 0.346094 0.283333 0.326562 0.412500
1 0.911719 0.498958 0.160938 0.206250
1 0.458594 0.565625 0.160938 0.214583
1 0.528125 0.084375 0.162500 0.168750
1 0.793750 0.183333 0.156250 0.187500
1 0.403125 0.921875 0.196875 0.152083
1 0.112500 0.290625 0.159375 0.218750
1 0.181250 0.887500 0.165625 0.220833
1 0.581250 0.897917 0.175000 0.200000
2 0.971875 0.838542 0.050000 0.068750
1 0.815625 0.668750 0.181250 0.237500
1 0.961719 0.703125 0.073438 0.214583
1 0.183594 0.518750 0.189062 0.216667
1 0.671875 0.613542 0.150000 0.210417
1 0.625000 0.689583 0.165625 0.212500
1 0.321094 0.761458 0.139063 0.193750
0 0.608594 0.354167 0.248438 0.308333
1 0.311719 0.665625 0.157812 0.202083
1 0.880469 0.211458 0.157812 0.193750
1 0.709375 0.053125 0.165625 0.106250
2 0.698438 0.965625 0.071875 0.064583
