0 0.302278 0.792288 0.363931 0.411257
1 0.936719 0.827083 0.123438 0.237500
1 0.232813 0.521875 0.162500 0.206250
1 0.784375 0.900000 0.187500 0.195833
1 0.911719 0.394792 0.157812 0.214583
1 0.831250 0.706250 0.171875 0.208333
1 0.065625 0.903125 0.131250 0.189583
1 0.067969 0.490625 0.135937 0.247917
1 0.142969 0.347917 0.164062 0.195833
1 0.696875 0.568750 0.156250 0.170833
1 0.317969 0.262500 0.160938 0.158333
1 0.168750 0.155208 0.203125 0.193750
1 0.771875 0.351042 0.162500 0.202083
1 0.340625 0.478125 0.159375 0.189583
1 0.579688 0.308333 0.162500 0.200000
1 0.877344 0.171875 0.179688 0.231250
1 0.473438 0.283333 0.159375 0.233333
2 0.571875 0.463542 0.096875 0.114583
