1 0.736111 0.792011 0.188889 0.228650
1 0.540278 0.840220 0.186111 0.236915
1 0.079167 0.402204 0.152778 0.214876
1 0.906944 0.643251 0.180556 0.239669
1 0.923611 0.895317 0.147222 0.203857
1 0.847222 0.426997 0.188889 0.192837
1 0.220833 0.527548 0.219444 0.239669
1 0.776389 0.221763 0.252778 0.239669
1 0.468056 0.154270 0.247222 0.242424
1 0.058333 0.738292 0.116667 0.209366
1 0.212500 0.119835 0.230556 0.212121
1 0.130556 0.867769 0.255556 0.247934
1 0.326389 0.752066 0.263889 0.242424
0 0.502623 0.528313 0.303395 0.324457
