1 0.688696 0.691304 0.219130 0.203478
1 0.940000 0.117391 0.116522 0.234783
1 0.109565 0.081739 0.219130 0.163478
1 0.850435 0.556522 0.240000 0.233043
1 0.915652 0.350435 0.165217 0.220870
1 0.717391 0.278261 0.241739 0.264348
1 0.790435 0.865217 0.224348 0.217391
1 0.541739 0.913913 0.220870 0.168696
1 0.222609 0.438261 0.212174 0.236522
1 0.315652 0.940000 0.248696 0.116522
1 0.474783 0.187826 0.208696 0.236522
1 0.091304 0.941739 0.182609 0.113043
0 0.499130 0.486957 0.306087 0.372174
1 0.057391 0.350435 0.114783 0.241739
1 0.237391 0.666087 0.224348 0.240000
1 0.059130 0.710435 0.118261 0.227826
1 0.145217 0.777391 0.248696 0.222609
1 0.057391 0.350435 0.114783 0.241739
