1 0.071304 0.237391 0.142609 0.252174
1 0.943478 0.446087 0.109565 0.252174
1 0.945217 0.880000 0.106087 0.236522
1 0.661739 0.878261 0.241739 0.215652
1 0.654783 0.113043 0.266087 0.226087
1 0.820870 0.624348 0.229565 0.236522
1 0.242609 0.916522 0.238261 0.163478
1 0.097391 0.780000 0.194783 0.224348
1 0.441739 0.933913 0.250435 0.128696
0 0.506957 0.488696 0.436522 0.434783
1 0.054783 0.891304 0.106087 0.213913
2 0.467826 0.171304 0.128696 0.130435
1 0.337391 0.784348 0.257391 0.208696
1 0.161739 0.059130 0.295652 0.118261
1 0.320000 0.085217 0.173913 0.170435
