1 0.859375 0.811458 0.165625 0.231250
1 0.932031 0.585417 0.132812 0.225000
1 0.704688 0.740625 0.162500 0.222917
0 0.450000 0.787500 0.340625 0.387500
1 0.464844 0.309375 0.179688 0.243750
1 0.775000 0.525000 0.171875 0.216667
1 0.903125 0.371875 0.175000 0.206250
0 0.183594 0.513542 0.339062 0.506250
1 0.760938 0.105208 0.171875 0.206250
1 0.243750 0.157292 0.168750 0.206250
1 0.712500 0.289583 0.162500 0.187500
1 0.267969 0.065625 0.182812 0.131250
1 0.187500 0.943750 0.181250 0.108333
1 0.823438 0.067708 0.168750 0.131250
1 0.149219 0.167708 0.098437 0.193750
1 0.073438 0.160417 0.112500 0.179167
1 0.068750 0.761458 0.118750 0.177083
1 0.243750 0.843750 0.115625 0.241667
1 0.706250 0.414583 0.196875 0.200000
