0 0.638672 0.482422 0.316406 0.300781
1 0.103516 0.806641 0.207031 0.292969
1 0.400391 0.703125 0.246094 0.218750
1 0.294922 0.203125 0.253906 0.234375
1 0.279297 0.845703 0.214844 0.207031
1 0.498047 0.121094 0.277344 0.234375
1 0.890625 0.117188 0.203125 0.234375
1 0.216797 0.441406 0.253906 0.242188
1 0.080078 0.572266 0.160156 0.230469
1 0.435547 0.367188 0.238281 0.250000
1 0.294922 0.546875 0.253906 0.234375
1 0.847656 0.792969 0.218750 0.257812
1 0.638672 0.234375 0.308594 0.265625
1 0.085938 0.171875 0.171875 0.218750
1 0.542969 0.732422 0.203125 0.238281
1 0.722656 0.751953 0.203125 0.238281
1 0.404297 0.890625 0.269531 0.203125
1 0.117188 0.277344 0.234375 0.218750
1 0.875000 0.417969 0.234375 0.250000
