0 0.383594 0.201042 0.420312 0.397917
1 0.415625 0.690625 0.171875 0.214583
1 0.271094 0.851042 0.185938 0.264583
1 0.689844 0.759375 0.154688 0.206250
1 0.596875 0.329167 0.150000 0.220833
1 0.875000 0.950000 0.165625 0.095833
1 0.131250 0.945833 0.181250 0.104167
1 0.517969 0.920833 0.195312 0.154167
1 0.518750 0.511458 0.181250 0.206250
1 0.076563 0.490625 0.150000 0.206250
1 0.312500 0.443750 0.193750 0.200000
1 0.790625 0.757292 0.156250 0.202083
1 0.078125 0.285417 0.156250 0.220833
1 0.742188 0.240625 0.178125 0.206250
1 0.828125 0.210417 0.156250 0.200000
1 0.215625 0.366667 0.171875 0.204167
1 0.662500 0.928125 0.187500 0.139583
1 0.689844 0.096875 0.157812 0.193750
1 0.075000 0.110417 0.150000 0.191667
1 0.136719 0.611458 0.173437 0.218750
1 0.674219 0.445833 0.135937 0.187500
1 0.692969 0.573958 0.139063 0.193750
1 0.833594 0.481250 0.132812 0.162500
1 0.874219 0.576042 0.139063 0.152083
