1 0.093043 0.909565 0.186087 0.173913
1 0.907826 0.140870 0.180870 0.278261
1 0.065217 0.421739 0.130435 0.231304
0 0.484348 0.494783 0.603478 0.506087
1 0.639130 0.161739 0.262609 0.229565
1 0.828696 0.617391 0.231304 0.271304
1 0.618261 0.893913 0.213913 0.208696
1 0.823478 0.906087 0.196522 0.184348
1 0.931304 0.363478 0.133913 0.250435
1 0.809565 0.328696 0.172174 0.267826
1 0.423478 0.094783 0.213913 0.186087
1 0.152174 0.192174 0.200000 0.224348
1 0.239130 0.143478 0.238261 0.203478
1 0.317391 0.849565 0.224348 0.231304
1 0.093913 0.618261 0.187826 0.241739
1 0.474783 0.885217 0.208696 0.226087
