1 0.088696 0.786087 0.173913 0.253913
1 0.787826 0.877391 0.205217 0.210435
1 0.915652 0.074783 0.165217 0.146087
1 0.080000 0.251304 0.160000 0.280000
1 0.113913 0.520870 0.227826 0.273043
1 0.733043 0.287826 0.241739 0.227826
1 0.253043 0.300000 0.241739 0.276522
1 0.249565 0.081739 0.266087 0.163478
1 0.910435 0.380870 0.175652 0.205217
1 0.589565 0.779130 0.226087 0.240000
1 0.688696 0.068696 0.253913 0.133913
1 0.874783 0.668696 0.219130 0.224348
1 0.779130 0.514783 0.222609 0.240000
0 0.488696 0.489565 0.462609 0.377391
