1 0.844348 0.165217 0.231304 0.236522
1 0.935652 0.810435 0.125217 0.219130
1 0.173043 0.468696 0.213913 0.238261
1 0.100870 0.793043 0.198261 0.271304
1 0.256522 0.235652 0.224348 0.276522
1 0.851304 0.639130 0.196522 0.224348
1 0.583478 0.878261 0.210435 0.226087
1 0.501739 0.191304 0.206957 0.229565
1 0.335652 0.909565 0.253913 0.177391
1 0.066087 0.201739 0.132174 0.201739
1 0.226957 0.759130 0.231304 0.227826
0 0.522609 0.527826 0.481739 0.394783
1 0.692174 0.866087 0.173913 0.212174
1 0.292174 0.829565 0.215652 0.201739
1 0.393913 0.251304 0.196522 0.161739
