1 0.906944 0.725895 0.180556 0.217631
1 0.140278 0.493113 0.213889 0.209366
1 0.094444 0.191460 0.183333 0.206612
1 0.863889 0.914601 0.222222 0.165289
1 0.883333 0.077135 0.194444 0.154270
1 0.211111 0.600551 0.211111 0.203857
1 0.222222 0.064738 0.227778 0.129477
1 0.447222 0.774105 0.233333 0.231405
1 0.690278 0.796143 0.230556 0.214876
1 0.900000 0.298898 0.194444 0.256198
1 0.263889 0.304408 0.227778 0.217631
1 0.750000 0.585399 0.222222 0.223140
1 0.668056 0.279614 0.252778 0.217631
0 0.501389 0.500000 0.297222 0.316804
1 0.198611 0.800275 0.169444 0.190083
0 0.081944 0.863636 0.163889 0.267218
