1 0.570833 0.075758 0.213889 0.151515
1 0.940278 0.435262 0.113889 0.203857
1 0.798611 0.550964 0.180556 0.247934
1 0.105556 0.721763 0.211111 0.209366
1 0.252778 0.322314 0.216667 0.209366
1 0.879167 0.242424 0.236111 0.214876
1 0.091667 0.920110 0.183333 0.154270
1 0.295833 0.100551 0.236111 0.201102
1 0.180556 0.520661 0.216667 0.203857
1 0.558333 0.847107 0.227778 0.201102
1 0.925000 0.899449 0.144444 0.195592
1 0.336111 0.893939 0.216667 0.157025
1 0.312500 0.702479 0.180556 0.187328
0 0.505710 0.492960 0.386728 0.483930
