1 0.193056 0.519284 0.202778 0.206612
1 0.291667 0.307163 0.205556 0.206612
1 0.729167 0.903581 0.191667 0.187328
1 0.066667 0.652893 0.133333 0.198347
1 0.066667 0.418733 0.127778 0.203857
1 0.097222 0.176309 0.194444 0.209366
1 0.929167 0.106061 0.136111 0.206612
1 0.272222 0.055096 0.205556 0.110193
1 0.172222 0.842975 0.216667 0.231405
1 0.875000 0.395317 0.244444 0.250689
1 0.745833 0.150138 0.208333 0.217631
1 0.533333 0.837466 0.216667 0.187328
2 0.504167 0.035813 0.097222 0.071625
0 0.516667 0.538567 0.388889 0.382920
