1 0.372951 0.142276 0.204918 0.246612
1 0.088798 0.086721 0.172131 0.173442
0 0.500000 0.494580 0.295082 0.376694
1 0.091530 0.302168 0.183060 0.203252
1 0.941257 0.642276 0.112022 0.271003
1 0.726776 0.527100 0.169399 0.279133
1 0.199454 0.681572 0.202186 0.208672
1 0.756831 0.140921 0.207650 0.281843
1 0.898907 0.399729 0.196721 0.203252
1 0.513661 0.803523 0.234973 0.230352
1 0.655738 0.936314 0.278689 0.121951
1 0.941257 0.219512 0.112022 0.195122
1 0.206284 0.871274 0.221311 0.230352
1 0.777083 0.805452 0.220740 0.153109
