1 0.730556 0.889807 0.194444 0.214876
1 0.443056 0.884298 0.208333 0.203857
1 0.743056 0.743802 0.202778 0.198347
1 0.063889 0.749311 0.122222 0.198347
1 0.826389 0.360882 0.225000 0.231405
1 0.911111 0.092287 0.172222 0.179063
1 0.233333 0.760331 0.222222 0.209366
1 0.893056 0.531680 0.208333 0.242424
1 0.722222 0.096419 0.166667 0.192837
1 0.929167 0.199725 0.136111 0.223140
2 0.201389 0.194215 0.097222 0.074380
2 0.115278 0.622590 0.108333 0.082645
0 0.504167 0.502755 0.402778 0.371901
1 0.673611 0.052342 0.191667 0.099174
