0 0.640625 0.779167 0.346875 0.420833
1 0.411719 0.766667 0.176563 0.225000
1 0.167969 0.580208 0.167187 0.206250
1 0.287500 0.191667 0.187500 0.204167
1 0.485938 0.532292 0.165625 0.218750
1 0.205469 0.401042 0.151562 0.193750
1 0.912500 0.172917 0.171875 0.225000
1 0.614844 0.408333 0.173437 0.212500
1 0.109375 0.815625 0.181250 0.247917
1 0.383594 0.061458 0.157812 0.118750
1 0.081250 0.068750 0.150000 0.137500
1 0.080469 0.283333 0.157812 0.212500
1 0.668750 0.184375 0.187500 0.243750
1 0.939844 0.526042 0.117188 0.206250
1 0.475000 0.943750 0.165625 0.108333
1 0.853125 0.655208 0.165625 0.218750
1 0.814844 0.352083 0.160938 0.212500
1 0.870313 0.763542 0.146875 0.185417
1 0.203125 0.811458 0.171875 0.231250
2 0.765625 0.955208 0.046875 0.068750
1 0.762500 0.414583 0.156250 0.187500
1 0.340625 0.445833 0.125000 0.287500
1 0.596875 0.207292 0.153125 0.218750
