1 0.712891 0.121094 0.269531 0.242188
1 0.404297 0.121094 0.261719 0.242188
1 0.916016 0.330078 0.160156 0.253906
1 0.796875 0.560547 0.218750 0.277344
1 0.082031 0.509766 0.164062 0.246094
1 0.298828 0.296875 0.222656 0.218750
1 0.830078 0.859375 0.199219 0.265625
1 0.085938 0.718750 0.171875 0.218750
1 0.710938 0.330078 0.312500 0.253906
1 0.281250 0.890625 0.250000 0.203125
1 0.341797 0.402344 0.238281 0.195312
1 0.183594 0.201172 0.234375 0.253906
1 0.906250 0.900391 0.171875 0.191406
1 0.185547 0.566406 0.128906 0.250000
0 0.410156 0.660156 0.328125 0.343750
