0 0.478125 0.196875 0.353125 0.393750
1 0.574219 0.451042 0.164062 0.214583
1 0.093750 0.531250 0.168750 0.212500
1 0.892969 0.643750 0.192188 0.225000
1 0.465625 0.914583 0.178125 0.166667
1 0.628125 0.647917 0.181250 0.212500
1 0.890625 0.875000 0.196875 0.245833
1 0.434375 0.505208 0.140625 0.277083
1 0.290625 0.506250 0.193750 0.212500
1 0.156250 0.717708 0.140625 0.243750
1 0.296875 0.759375 0.153125 0.206250
1 0.735938 0.877083 0.156250 0.200000
1 0.921094 0.461458 0.154688 0.231250
1 0.168750 0.251042 0.165625 0.206250
1 0.893750 0.311458 0.165625 0.218750
1 0.346094 0.697917 0.173437 0.200000
1 0.653125 0.873958 0.171875 0.243750
1 0.234375 0.947917 0.171875 0.100000
1 0.705469 0.542708 0.132812 0.181250
1 0.767969 0.390625 0.151562 0.227083
2 0.793750 0.175000 0.059375 0.075000
2 0.878125 0.162500 0.059375 0.083333
1 0.053125 0.801042 0.106250 0.168750
1 0.483594 0.775000 0.173437 0.154167
