1 0.873047 0.871094 0.246094 0.250000
1 0.347656 0.113281 0.234375 0.226562
1 0.142578 0.417969 0.253906 0.242188
1 0.373047 0.326172 0.285156 0.230469
1 0.140625 0.078125 0.250000 0.156250
1 0.876953 0.267578 0.230469 0.269531
1 0.144531 0.884766 0.289062 0.222656
1 0.650391 0.220703 0.246094 0.246094
1 0.697266 0.750000 0.238281 0.218750
1 0.654297 0.886719 0.246094 0.210938
1 0.705078 0.105469 0.175781 0.210938
1 0.855469 0.531250 0.171875 0.250000
1 0.623047 0.378906 0.277344 0.242188
1 0.419922 0.917969 0.308594 0.156250
1 0.759766 0.541016 0.191406 0.246094
0 0.367188 0.667969 0.406250 0.398438
