1 0.806641 0.535156 0.253906 0.265625
1 0.216797 0.650391 0.222656 0.230469
1 0.212891 0.357422 0.269531 0.269531
1 0.064453 0.183594 0.128906 0.250000
1 0.462891 0.171875 0.238281 0.250000
1 0.871094 0.097656 0.250000 0.195312
1 0.244141 0.804688 0.214844 0.242188
1 0.291016 0.919922 0.269531 0.152344
1 0.234375 0.140625 0.265625 0.250000
1 0.718750 0.298828 0.203125 0.207031
1 0.888672 0.306641 0.214844 0.292969
1 0.089844 0.890625 0.179688 0.203125
1 0.871094 0.796875 0.250000 0.265625
1 0.562500 0.128906 0.234375 0.250000
1 0.560547 0.345703 0.246094 0.230469
1 0.310547 0.470703 0.269531 0.222656
1 0.656250 0.386719 0.250000 0.234375
1 0.906250 0.406250 0.171875 0.218750
1 0.802734 0.757812 0.199219 0.226562
0 0.527344 0.658203 0.398438 0.410156
