1 0.921875 0.841797 0.140625 0.261719
1 0.154297 0.857422 0.277344 0.277344
1 0.751953 0.890625 0.285156 0.203125
1 0.791016 0.701172 0.253906 0.253906
1 0.136719 0.652344 0.250000 0.250000
1 0.109375 0.361328 0.218750 0.277344
1 0.830078 0.105469 0.253906 0.210938
1 0.111328 0.080078 0.222656 0.160156
1 0.378906 0.748047 0.242188 0.238281
1 0.587891 0.751953 0.222656 0.238281
1 0.343750 0.498047 0.218750 0.230469
1 0.410156 0.906250 0.289062 0.171875
1 0.847656 0.484375 0.265625 0.265625
1 0.638672 0.531250 0.230469 0.265625
1 0.244141 0.167969 0.222656 0.218750
1 0.236328 0.298828 0.191406 0.230469
0 0.543313 0.230239 0.391314 0.430147
