1 0.680870 0.114783 0.255652 0.226087
1 0.903478 0.850435 0.189565 0.219130
1 0.899130 0.211304 0.198261 0.224348
1 0.121739 0.407826 0.208696 0.262609
1 0.803478 0.421739 0.226087 0.213913
1 0.522609 0.901739 0.255652 0.189565
1 0.646087 0.651304 0.252174 0.248696
1 0.368696 0.737391 0.208696 0.260870
1 0.773043 0.754783 0.203478 0.236522
1 0.234783 0.131304 0.250435 0.231304
0 0.503478 0.503478 0.307826 0.363478
1 0.505217 0.240870 0.200000 0.280000
1 0.336522 0.384348 0.220870 0.271304
1 0.105233 0.680069 0.198538 0.217007
