1 0.091667 0.230028 0.183333 0.195592
1 0.104167 0.622590 0.202778 0.209366
1 0.056944 0.830579 0.113889 0.206612
1 0.898611 0.232782 0.197222 0.217631
1 0.854167 0.495868 0.219444 0.242424
1 0.227778 0.447658 0.205556 0.206612
1 0.673611 0.757576 0.219444 0.225895
1 0.306944 0.652893 0.208333 0.264463
1 0.106944 0.947658 0.213889 0.099174
1 0.380556 0.940771 0.227778 0.112948
1 0.443056 0.797521 0.241667 0.206612
2 0.095833 0.421488 0.108333 0.082645
1 0.313889 0.260331 0.238889 0.195592
1 0.666667 0.119835 0.211111 0.239669
2 0.204167 0.075758 0.097222 0.107438
1 0.291667 0.139118 0.216667 0.206612
1 0.627778 0.227273 0.227778 0.162534
0 0.519444 0.498623 0.388889 0.435262
