0 0.400000 0.395833 0.418750 0.516667
1 0.871094 0.783333 0.173437 0.229167
1 0.679688 0.372917 0.184375 0.229167
1 0.710156 0.873958 0.170313 0.227083
1 0.878125 0.280208 0.175000 0.247917
1 0.727344 0.070833 0.167187 0.141667
1 0.925781 0.561458 0.145313 0.222917
1 0.539062 0.145833 0.162500 0.208333
1 0.311719 0.819792 0.217188 0.260417
1 0.101562 0.219792 0.184375 0.214583
1 0.269531 0.595833 0.192188 0.183333
1 0.377344 0.080208 0.173437 0.160417
1 0.173437 0.052083 0.190625 0.104167
1 0.529687 0.867708 0.171875 0.206250
1 0.094531 0.416667 0.185938 0.250000
2 0.039844 0.066667 0.070312 0.104167
1 0.514062 0.690625 0.209375 0.202083
