1 0.075652 0.184348 0.151304 0.292174
1 0.796522 0.119130 0.212174 0.238261
1 0.200870 0.900870 0.231304 0.194783
1 0.264348 0.129565 0.236522 0.248696
1 0.194783 0.619130 0.215652 0.264348
1 0.062609 0.728696 0.121739 0.215652
1 0.229565 0.347826 0.215652 0.271304
1 0.561739 0.062609 0.246957 0.121739
1 0.500000 0.928696 0.335652 0.139130
1 0.789565 0.788696 0.260870 0.252174
1 0.793913 0.306957 0.224348 0.196522
1 0.500870 0.157391 0.246957 0.231304
0 0.510435 0.573043 0.520000 0.683478
1 0.825217 0.591304 0.227826 0.236522
