1 0.815278 0.112948 0.197222 0.165289
1 0.440278 0.807163 0.158333 0.214876
1 0.219444 0.586777 0.183333 0.209366
1 0.933333 0.290634 0.127778 0.212121
1 0.777778 0.710744 0.188889 0.192837
1 0.943056 0.741047 0.108333 0.247934
1 0.058333 0.546832 0.116667 0.190083
1 0.351389 0.206612 0.158333 0.220386
1 0.237500 0.816804 0.213889 0.206612
1 0.161111 0.264463 0.200000 0.165289
1 0.711111 0.286501 0.227778 0.214876
1 0.855556 0.497245 0.205556 0.234160
1 0.637500 0.825069 0.202778 0.223140
2 0.300000 0.400826 0.072222 0.079890
0 0.508333 0.498623 0.355556 0.380165
