1 0.515625 0.759766 0.250000 0.238281
1 0.173828 0.525391 0.253906 0.238281
1 0.859375 0.843750 0.265625 0.234375
1 0.093750 0.316406 0.187500 0.234375
1 0.828125 0.357422 0.203125 0.222656
1 0.263672 0.744141 0.253906 0.214844
1 0.908203 0.544922 0.167969 0.246094
1 0.751953 0.218750 0.230469 0.250000
1 0.470703 0.919922 0.246094 0.152344
1 0.160156 0.884766 0.257812 0.222656
1 0.214844 0.181641 0.234375 0.222656
1 0.109375 0.744141 0.218750 0.230469
1 0.314453 0.126953 0.238281 0.238281
1 0.759766 0.687500 0.277344 0.218750
0 0.517578 0.400391 0.386719 0.386719
1 0.419922 0.109375 0.152344 0.218750
