1 0.160870 0.103478 0.238261 0.203478
1 0.275652 0.797391 0.245217 0.255652
1 0.063478 0.766957 0.126957 0.246957
1 0.154783 0.321739 0.229565 0.208696
1 0.595652 0.941739 0.245217 0.113043
1 0.932174 0.220870 0.132174 0.264348
1 0.790435 0.497391 0.196522 0.267826
1 0.757391 0.244348 0.224348 0.262609
1 0.111304 0.529565 0.222609 0.210435
1 0.468696 0.786087 0.273043 0.240000
1 0.233913 0.561739 0.200000 0.229565
1 0.921739 0.920870 0.153043 0.154783
0 0.502609 0.456522 0.434783 0.387826
2 0.883478 0.798261 0.090435 0.118261
2 0.792174 0.786087 0.092174 0.066087
