1 0.933333 0.304408 0.127778 0.190083
1 0.776389 0.421488 0.202778 0.203857
1 0.291667 0.082645 0.211111 0.159780
1 0.758333 0.793388 0.188889 0.203857
1 0.194444 0.455923 0.216667 0.212121
1 0.813889 0.166667 0.222222 0.201102
1 0.493056 0.325069 0.219444 0.203857
1 0.223611 0.891185 0.208333 0.201102
1 0.898611 0.776860 0.197222 0.192837
1 0.588889 0.136364 0.216667 0.212121
1 0.143056 0.666667 0.219444 0.258953
1 0.130556 0.227273 0.255556 0.239669
2 0.673611 0.290634 0.091667 0.107438
2 0.279167 0.387052 0.069444 0.063361
0 0.486111 0.650138 0.433333 0.429752
