1 0.753043 0.923478 0.253913 0.146087
1 0.130435 0.901739 0.236522 0.193043
1 0.157391 0.462609 0.189565 0.264348
1 0.673043 0.263478 0.236522 0.248696
1 0.513913 0.921739 0.217391 0.153043
1 0.887826 0.706957 0.220870 0.248696
1 0.841739 0.383478 0.194783 0.217391
1 0.931304 0.103478 0.133913 0.203478
0 0.511304 0.511304 0.473043 0.438261
1 0.177391 0.161739 0.233043 0.278261
1 0.406957 0.231304 0.233043 0.226087
1 0.898261 0.426087 0.200000 0.212174
1 0.329565 0.158261 0.220870 0.278261
1 0.863478 0.156522 0.227826 0.208696
