1 0.658203 0.593750 0.222656 0.234375
1 0.181641 0.744141 0.253906 0.238281
1 0.322266 0.361328 0.238281 0.222656
1 0.189453 0.517578 0.253906 0.261719
1 0.798828 0.441406 0.230469 0.234375
1 0.679688 0.816406 0.273438 0.265625
1 0.384766 0.623047 0.277344 0.253906
1 0.917969 0.265625 0.156250 0.234375
1 0.314453 0.156250 0.253906 0.250000
1 0.808594 0.876953 0.257812 0.230469
1 0.439453 0.804688 0.230469 0.210938
1 0.750000 0.203125 0.281250 0.265625
1 0.183594 0.113281 0.273438 0.226562
1 0.093750 0.886719 0.187500 0.218750
1 0.392578 0.902344 0.253906 0.187500
1 0.554688 0.339844 0.273438 0.250000
1 0.121094 0.294922 0.242188 0.246094
1 0.466797 0.503906 0.253906 0.226562
1 0.826172 0.064453 0.261719 0.128906
1 0.845703 0.671875 0.222656 0.218750
1 0.919922 0.607422 0.144531 0.261719
1 0.082031 0.419922 0.164062 0.253906
