1 0.921739 0.579130 0.153043 0.226087
1 0.691304 0.079130 0.245217 0.158261
1 0.599130 0.841739 0.200000 0.201739
1 0.718261 0.639130 0.184348 0.231304
1 0.376522 0.872174 0.210435 0.252174
1 0.941739 0.891304 0.113043 0.210435
1 0.146957 0.844348 0.238261 0.255652
1 0.125217 0.591304 0.229565 0.250435
1 0.866087 0.227826 0.212174 0.229565
1 0.171304 0.079130 0.231304 0.158261
1 0.579130 0.246957 0.236522 0.212174
1 0.069565 0.235652 0.139130 0.252174
1 0.251304 0.161739 0.227826 0.246957
0 0.451304 0.537391 0.426087 0.462609
