1 0.902778 0.202479 0.188889 0.212121
1 0.926389 0.849862 0.141667 0.278237
1 0.802778 0.658402 0.200000 0.286501
1 0.609722 0.899449 0.225000 0.195592
1 0.111111 0.221763 0.222222 0.261708
1 0.419444 0.061983 0.205556 0.123967
1 0.634722 0.126722 0.263889 0.231405
1 0.170833 0.918733 0.230556 0.157025
1 0.220833 0.504132 0.213889 0.269972
1 0.155556 0.095041 0.238889 0.190083
2 0.061111 0.805785 0.088889 0.090909
1 0.243056 0.655647 0.252778 0.220386
2 0.055556 0.617080 0.100000 0.077135
2 0.390278 0.238292 0.097222 0.085399
2 0.045833 0.535813 0.091667 0.079890
2 0.280556 0.235537 0.077778 0.085399
0 0.504167 0.501377 0.297222 0.352617
