1 0.775000 0.822314 0.205556 0.206612
1 0.284722 0.115702 0.202778 0.209366
1 0.066667 0.539945 0.133333 0.225895
1 0.229167 0.462810 0.202778 0.209366
1 0.323611 0.917355 0.197222 0.159780
1 0.063889 0.303030 0.127778 0.231405
1 0.830556 0.272727 0.222222 0.247934
1 0.519444 0.052342 0.238889 0.104683
1 0.772222 0.068871 0.227778 0.137741
1 0.602778 0.899449 0.222222 0.195592
1 0.862500 0.512397 0.197222 0.220386
1 0.256944 0.239669 0.219444 0.198347
1 0.156944 0.787879 0.247222 0.220386
1 0.225000 0.647383 0.227778 0.192837
1 0.784722 0.590909 0.225000 0.223140
1 0.637500 0.224518 0.163889 0.212121
1 0.554167 0.185950 0.208333 0.212121
0 0.504167 0.502755 0.319444 0.349862
