1 0.183594 0.910156 0.257812 0.164062
1 0.095703 0.390625 0.191406 0.265625
1 0.152344 0.580078 0.218750 0.261719
1 0.515625 0.267578 0.218750 0.214844
1 0.328125 0.810547 0.234375 0.246094
1 0.878906 0.291016 0.226562 0.269531
1 0.876953 0.759766 0.230469 0.222656
1 0.244141 0.150391 0.269531 0.261719
1 0.826172 0.515625 0.214844 0.250000
1 0.500000 0.107422 0.281250 0.207031
1 0.679688 0.353516 0.226562 0.246094
1 0.076172 0.734375 0.152344 0.234375
1 0.314453 0.580078 0.160156 0.277344
1 0.886719 0.921875 0.218750 0.140625
1 0.087891 0.080078 0.175781 0.160156
0 0.576172 0.615234 0.425781 0.371094
