1 0.913913 0.174783 0.168696 0.245217
1 0.683478 0.251304 0.229565 0.206957
1 0.683478 0.070435 0.229565 0.137391
1 0.840870 0.430435 0.238261 0.255652
1 0.790435 0.743478 0.210435 0.220870
1 0.134783 0.146957 0.227826 0.231304
1 0.417391 0.125217 0.229565 0.250435
1 0.589565 0.935652 0.271304 0.125217
1 0.166957 0.373043 0.215652 0.227826
1 0.929565 0.586957 0.137391 0.231304
1 0.134783 0.772174 0.241739 0.253913
1 0.307826 0.296522 0.250435 0.266087
1 0.315652 0.825217 0.290435 0.283478
0 0.524348 0.513913 0.440000 0.401739
