1 0.772222 0.334711 0.222222 0.190083
1 0.075000 0.911846 0.150000 0.170799
1 0.780556 0.535813 0.200000 0.201102
1 0.909722 0.075758 0.175000 0.151515
1 0.937500 0.480716 0.119444 0.228650
1 0.122222 0.210744 0.211111 0.228650
1 0.152778 0.720386 0.205556 0.234160
1 0.598611 0.055096 0.252778 0.110193
1 0.590278 0.904959 0.247222 0.184573
1 0.350000 0.224518 0.227778 0.250689
1 0.730556 0.741047 0.227778 0.203857
1 0.202778 0.541322 0.238889 0.212121
1 0.902778 0.747934 0.188889 0.239669
1 0.587500 0.216253 0.230556 0.212121
2 0.302778 0.787879 0.094444 0.093664
0 0.504167 0.502755 0.319444 0.360882
