1 0.080000 0.551304 0.160000 0.205217
1 0.067826 0.771304 0.135652 0.231304
1 0.714783 0.907826 0.222609 0.180870
1 0.832174 0.750435 0.213913 0.252174
1 0.106957 0.322609 0.210435 0.248696
1 0.683478 0.100000 0.253913 0.200000
1 0.137391 0.076522 0.222609 0.149565
1 0.346957 0.240870 0.248696 0.245217
1 0.935652 0.593913 0.125217 0.255652
1 0.805217 0.260870 0.240000 0.264348
1 0.257391 0.735652 0.229565 0.233043
1 0.222609 0.946087 0.260870 0.104348
1 0.340000 0.066087 0.238261 0.132174
1 0.494783 0.767826 0.290435 0.224348
0 0.546957 0.485217 0.443478 0.431304
