1 0.085217 0.624348 0.170435 0.264348
1 0.088696 0.358261 0.173913 0.267826
1 0.057391 0.110435 0.114783 0.217391
1 0.173913 0.926087 0.229565 0.144348
1 0.766957 0.182609 0.219130 0.219130
1 0.339130 0.222609 0.212174 0.267826
1 0.558261 0.243478 0.212174 0.233043
1 0.891304 0.378261 0.213913 0.227826
1 0.210435 0.077391 0.205217 0.151304
1 0.779130 0.853043 0.226087 0.238261
1 0.736522 0.536522 0.234783 0.259130
0 0.490435 0.511304 0.306087 0.351304
1 0.941739 0.241739 0.113043 0.260870
1 0.526957 0.859130 0.243478 0.226087
1 0.387826 0.901739 0.215652 0.189565
1 0.762609 0.628696 0.213913 0.186087
