1 0.673611 0.706612 0.186111 0.184573
1 0.276389 0.727273 0.186111 0.187328
1 0.159722 0.431129 0.202778 0.201102
1 0.134722 0.115702 0.219444 0.231405
1 0.755556 0.584022 0.200000 0.225895
1 0.820833 0.392562 0.180556 0.151515
1 0.870833 0.497245 0.213889 0.223140
1 0.262500 0.117080 0.158333 0.228650
1 0.919444 0.877410 0.155556 0.129477
1 0.556944 0.112948 0.225000 0.176309
1 0.908333 0.235537 0.177778 0.162534
1 0.890278 0.950413 0.208333 0.093664
1 0.591667 0.207989 0.244444 0.217631
1 0.881944 0.162534 0.208333 0.165289
0 0.506944 0.494490 0.308333 0.327824
