0 0.637500 0.328125 0.431250 0.472917
1 0.884375 0.182292 0.171875 0.218750
1 0.856250 0.840625 0.150000 0.197917
1 0.058594 0.772917 0.114062 0.233333
1 0.551562 0.722917 0.165625 0.195833
1 0.174219 0.384375 0.148438 0.197917
1 0.380469 0.923958 0.198437 0.147917
1 0.140625 0.548958 0.178125 0.218750
1 0.960938 0.406250 0.075000 0.216667
1 0.065625 0.073958 0.131250 0.143750
1 0.400000 0.664583 0.150000 0.212500
1 0.915625 0.631250 0.140625 0.187500
1 0.275000 0.928125 0.153125 0.139583
1 0.274219 0.626042 0.142187 0.189583
1 0.368750 0.156250 0.162500 0.212500
1 0.278125 0.082292 0.162500 0.160417
1 0.631250 0.896875 0.159375 0.202083
1 0.718750 0.596875 0.187500 0.210417
1 0.053125 0.443750 0.106250 0.187500
1 0.046875 0.262500 0.087500 0.166667
1 0.145313 0.129167 0.093750 0.162500
2 0.985938 0.287500 0.025000 0.045833
1 0.849219 0.485417 0.139063 0.183333
1 0.437500 0.478125 0.134375 0.168750
