1 0.412500 0.812500 0.156250 0.187500
0 0.551562 0.158333 0.290625 0.312500
1 0.646094 0.859375 0.173437 0.206250
1 0.239844 0.458333 0.157812 0.212500
1 0.134375 0.066667 0.153125 0.129167
1 0.155469 0.269792 0.142187 0.197917
1 0.256250 0.679167 0.168750 0.245833
1 0.509375 0.940625 0.156250 0.114583
1 0.543750 0.676042 0.175000 0.214583
1 0.703125 0.434375 0.168750 0.218750
1 0.553125 0.407292 0.178125 0.197917
1 0.446875 0.518750 0.171875 0.191667
2 0.233594 0.830208 0.064062 0.068750
1 0.875000 0.203125 0.203125 0.239583
1 0.356250 0.268750 0.193750 0.250000
1 0.127344 0.648958 0.179688 0.181250
1 0.806250 0.085417 0.128125 0.150000
1 0.856250 0.734375 0.156250 0.222917
1 0.911719 0.441667 0.160938 0.225000
1 0.133594 0.485417 0.157812 0.187500
1 0.154688 0.868750 0.128125 0.220833
1 0.856250 0.550000 0.150000 0.200000
