1 0.898611 0.132231 0.197222 0.214876
1 0.926389 0.761708 0.141667 0.245179
1 0.101389 0.121212 0.197222 0.225895
1 0.934722 0.320937 0.125000 0.228650
1 0.690278 0.121212 0.225000 0.236915
1 0.070833 0.684573 0.141667 0.234160
1 0.454167 0.099174 0.225000 0.198347
1 0.841667 0.581267 0.255556 0.247934
1 0.181944 0.942149 0.230556 0.110193
1 0.083333 0.552342 0.166667 0.217631
2 0.420833 0.272727 0.097222 0.077135
2 0.391667 0.936639 0.105556 0.099174
2 0.311111 0.044077 0.116667 0.088154
0 0.304475 0.728497 0.320062 0.322008
0 0.494444 0.497245 0.366667 0.377410
