0 0.756250 0.167708 0.237500 0.306250
1 0.353125 0.731250 0.153125 0.220833
1 0.096875 0.751042 0.165625 0.193750
1 0.564844 0.090625 0.154688 0.181250
1 0.530469 0.743750 0.192188 0.200000
1 0.687500 0.630208 0.165625 0.206250
1 0.059375 0.523958 0.118750 0.268750
1 0.575000 0.368750 0.181250 0.229167
1 0.218750 0.270833 0.196875 0.200000
2 0.453125 0.171875 0.065625 0.081250
1 0.912500 0.483333 0.171875 0.212500
2 0.353125 0.912500 0.065625 0.091667
1 0.048438 0.117708 0.093750 0.218750
1 0.956250 0.272917 0.084375 0.220833
1 0.471094 0.567708 0.154688 0.193750
1 0.177344 0.440625 0.164062 0.231250
1 0.842969 0.716667 0.182812 0.237500
1 0.359375 0.082292 0.193750 0.160417
1 0.742969 0.443750 0.170313 0.216667
1 0.205469 0.098958 0.185938 0.181250
1 0.057813 0.876042 0.112500 0.206250
1 0.328125 0.456250 0.134375 0.154167
1 0.361719 0.575000 0.139063 0.158333
1 0.637500 0.931250 0.193750 0.133333
1 0.473438 0.888542 0.150000 0.177083
1 0.384375 0.406250 0.131250 0.145833
