1 0.287500 0.235537 0.191667 0.206612
1 0.723611 0.075758 0.191667 0.151515
1 0.927778 0.494490 0.138889 0.190083
1 0.302778 0.913223 0.227778 0.168044
1 0.905556 0.687328 0.177778 0.179063
1 0.094444 0.194215 0.183333 0.206612
1 0.095833 0.877410 0.191667 0.234160
1 0.787500 0.385675 0.208333 0.220386
1 0.884722 0.910468 0.225000 0.173554
1 0.558333 0.161157 0.244444 0.234160
1 0.195833 0.662534 0.236111 0.195592
1 0.727778 0.753444 0.222222 0.212121
1 0.130556 0.399449 0.255556 0.181818
1 0.391667 0.798898 0.250000 0.198347
2 0.186111 0.516529 0.100000 0.101928
2 0.694444 0.241047 0.077778 0.074380
0 0.497377 0.547138 0.381790 0.381696
