1 0.118852 0.096206 0.237705 0.192412
1 0.901639 0.200542 0.191257 0.254743
1 0.280055 0.256098 0.221311 0.257453
1 0.887978 0.441734 0.218579 0.271003
1 0.739071 0.613821 0.232240 0.246612
1 0.487705 0.113821 0.248634 0.227642
1 0.087432 0.292683 0.174863 0.227642
0 0.482240 0.512195 0.330601 0.346883
0 0.482240 0.512195 0.330601 0.346883
1 0.688525 0.241192 0.224044 0.249322
1 0.180328 0.481030 0.262295 0.230352
1 0.454918 0.844173 0.199454 0.289973
1 0.653005 0.936314 0.267760 0.121951
1 0.732240 0.074526 0.262295 0.149051
1 0.118852 0.096206 0.237705 0.192412
1 0.901639 0.200542 0.191257 0.254743
1 0.280055 0.256098 0.221311 0.257453
1 0.887978 0.441734 0.218579 0.271003
1 0.739071 0.613821 0.232240 0.246612
1 0.487705 0.113821 0.248634 0.227642
1 0.087432 0.292683 0.174863 0.227642
0 0.482240 0.512195 0.330601 0.346883
0 0.482240 0.512195 0.330601 0.346883
0 0.482240 0.512195 0.330601 0.346883
0 0.482240 0.512195 0.330601 0.346883
1 0.688525 0.241192 0.224044 0.249322
1 0.180328 0.481030 0.262295 0.230352
1 0.454918 0.844173 0.199454 0.289973
1 0.653005 0.936314 0.267760 0.121951
1 0.137909 0.823982 0.270353 0.254475
1 0.732240 0.074526 0.262295 0.149051
1 0.259192 0.683731 0.225371 0.209759
