0 0.454688 0.509375 0.296875 0.393750
1 0.701562 0.460417 0.162500 0.212500
1 0.746875 0.271875 0.187500 0.197917
1 0.139063 0.295833 0.162500 0.212500
1 0.186719 0.940625 0.167187 0.114583
1 0.759375 0.082292 0.162500 0.160417
1 0.731250 0.659375 0.187500 0.227083
1 0.540625 0.792708 0.165625 0.206250
2 0.824219 0.444792 0.073438 0.085417
1 0.125000 0.690625 0.187500 0.189583
1 0.925000 0.609375 0.143750 0.239583
1 0.400000 0.866667 0.193750 0.220833
1 0.059375 0.439583 0.118750 0.200000
1 0.615625 0.921875 0.178125 0.152083
1 0.242969 0.133333 0.157812 0.220833
1 0.239844 0.558333 0.154688 0.195833
1 0.184375 0.848958 0.162500 0.206250
1 0.767969 0.893750 0.160938 0.195833
1 0.892969 0.808333 0.167187 0.187500
1 0.526563 0.182292 0.112500 0.210417
1 0.412500 0.184375 0.134375 0.243750
