1 0.052778 0.650138 0.105556 0.214876
1 0.331944 0.767218 0.208333 0.195592
1 0.102778 0.409091 0.200000 0.206612
1 0.733333 0.239669 0.188889 0.198347
1 0.083333 0.097796 0.166667 0.184573
1 0.251389 0.545455 0.180556 0.236915
1 0.216667 0.913223 0.188889 0.168044
1 0.558333 0.816804 0.227778 0.234160
1 0.847222 0.899449 0.211111 0.195592
1 0.443056 0.946281 0.175000 0.101928
1 0.433333 0.128099 0.200000 0.212121
1 0.723611 0.641873 0.241667 0.192837
2 0.900000 0.315427 0.122222 0.112948
1 0.644444 0.100551 0.250000 0.173554
1 0.194444 0.242424 0.172222 0.198347
2 0.820833 0.818182 0.086111 0.071625
2 0.363889 0.472452 0.072222 0.063361
1 0.280556 0.219008 0.155556 0.190083
0 0.505864 0.494490 0.277160 0.410468
