1 0.136111 0.911846 0.227778 0.170799
1 0.888889 0.081267 0.216667 0.162534
1 0.073611 0.475207 0.147222 0.267218
1 0.073611 0.739669 0.147222 0.250689
1 0.288889 0.066116 0.261111 0.132231
1 0.684722 0.387052 0.197222 0.206612
1 0.684722 0.915978 0.213889 0.162534
1 0.625000 0.173554 0.222222 0.220386
1 0.877778 0.292011 0.238889 0.242424
1 0.372222 0.252066 0.255556 0.267218
1 0.418056 0.892562 0.297222 0.203857
1 0.201389 0.370523 0.252778 0.239669
0 0.500000 0.498623 0.255556 0.297521
1 0.408333 0.709366 0.300000 0.234160
1 0.754167 0.692837 0.269444 0.289256
