1 0.884766 0.673828 0.222656 0.246094
1 0.691406 0.587891 0.234375 0.222656
1 0.867188 0.390625 0.187500 0.218750
1 0.685547 0.148438 0.222656 0.195312
1 0.763672 0.794922 0.238281 0.230469
1 0.453125 0.886719 0.281250 0.218750
1 0.142578 0.406250 0.230469 0.234375
1 0.183594 0.712891 0.242188 0.238281
1 0.123047 0.142578 0.238281 0.246094
1 0.074219 0.298828 0.148438 0.246094
1 0.437500 0.701172 0.218750 0.207031
1 0.871094 0.937500 0.234375 0.109375
1 0.843750 0.119141 0.203125 0.238281
1 0.214844 0.597656 0.218750 0.203125
1 0.246094 0.201172 0.218750 0.207031
1 0.337891 0.103516 0.144531 0.199219
0 0.439453 0.394531 0.394531 0.382812
