0 0.538281 0.323958 0.364063 0.431250
1 0.279687 0.689583 0.187500 0.254167
1 0.786719 0.432292 0.148438 0.185417
1 0.813281 0.823958 0.164062 0.202083
1 0.423438 0.932292 0.156250 0.131250
1 0.850781 0.634375 0.139063 0.189583
1 0.139063 0.739583 0.150000 0.187500
1 0.942187 0.728125 0.112500 0.214583
1 0.093750 0.087500 0.140625 0.175000
1 0.223438 0.193750 0.168750 0.245833
1 0.850781 0.088542 0.157812 0.177083
1 0.317969 0.405208 0.148438 0.214583
1 0.900781 0.945833 0.151562 0.104167
1 0.953125 0.522917 0.090625 0.187500
1 0.303906 0.043750 0.160938 0.087500
1 0.430469 0.566667 0.148438 0.195833
1 0.124219 0.901042 0.167187 0.181250
2 0.070312 0.963542 0.059375 0.068750
1 0.317188 0.183333 0.156250 0.191667
1 0.066406 0.339583 0.132812 0.208333
1 0.962500 0.158333 0.071875 0.225000
1 0.842969 0.197917 0.192188 0.187500
