1 0.725000 0.059229 0.216667 0.118457
1 0.733333 0.925620 0.238889 0.143251
1 0.825000 0.585399 0.233333 0.228650
1 0.819444 0.195592 0.200000 0.198347
1 0.062500 0.493113 0.125000 0.231405
1 0.466667 0.885675 0.227778 0.223140
1 0.148611 0.172176 0.213889 0.234160
1 0.405556 0.230028 0.222222 0.234160
1 0.133333 0.698347 0.233333 0.223140
1 0.704167 0.356749 0.236111 0.256198
1 0.218056 0.389807 0.191667 0.206612
1 0.651389 0.749311 0.225000 0.214876
2 0.308333 0.951791 0.072222 0.074380
0 0.508025 0.500612 0.403704 0.398225
1 0.343364 0.056933 0.189815 0.113254
