1 0.930556 0.706612 0.133333 0.228650
1 0.936111 0.169421 0.122222 0.223140
1 0.916667 0.400826 0.155556 0.223140
1 0.368056 0.177686 0.219444 0.245179
1 0.819444 0.542700 0.244444 0.253444
1 0.784722 0.250689 0.219444 0.242424
1 0.086111 0.253444 0.166667 0.236915
1 0.136111 0.639118 0.216667 0.253444
1 0.818056 0.924242 0.225000 0.146006
2 0.302778 0.522039 0.088889 0.096419
2 0.627778 0.253444 0.083333 0.082645
2 0.580556 0.666667 0.083333 0.066116
1 0.161111 0.286501 0.155556 0.231405
0 0.381944 0.834711 0.352778 0.325069
0 0.505556 0.482094 0.322222 0.374656
