1 0.294922 0.876953 0.253906 0.230469
1 0.826172 0.867188 0.253906 0.242188
1 0.076172 0.591797 0.152344 0.277344
1 0.126953 0.097656 0.222656 0.195312
1 0.080078 0.283203 0.160156 0.253906
1 0.484375 0.173828 0.250000 0.222656
1 0.441406 0.093750 0.234375 0.187500
1 0.119141 0.437500 0.230469 0.265625
1 0.462891 0.773438 0.246094 0.234375
1 0.199219 0.279297 0.234375 0.253906
1 0.718750 0.804688 0.281250 0.210938
1 0.906250 0.341797 0.171875 0.292969
1 0.841797 0.126953 0.308594 0.253906
1 0.103516 0.830078 0.207031 0.253906
1 0.406250 0.669922 0.234375 0.253906
1 0.126953 0.748047 0.230469 0.214844
1 0.919922 0.636719 0.152344 0.273438
1 0.216797 0.498047 0.207031 0.230469
1 0.314453 0.341797 0.183594 0.253906
0 0.542969 0.445312 0.343750 0.367188
