1 0.206087 0.763478 0.213913 0.226087
1 0.083478 0.381739 0.163478 0.248696
1 0.777391 0.153913 0.236522 0.238261
1 0.228696 0.521739 0.213913 0.226087
1 0.433913 0.804348 0.217391 0.238261
1 0.940000 0.456522 0.116522 0.241739
1 0.831304 0.493913 0.233043 0.250435
1 0.434783 0.223478 0.253913 0.220870
1 0.766957 0.729565 0.198261 0.213913
1 0.300870 0.314783 0.222609 0.208696
1 0.907826 0.229565 0.177391 0.198261
1 0.907826 0.729565 0.180870 0.286957
1 0.720450 0.928045 0.230127 0.140431
0 0.513913 0.502609 0.332174 0.372174
1 0.600000 0.908696 0.201739 0.179130
1 0.113043 0.929565 0.226087 0.137391
