1 0.083478 0.380000 0.166957 0.255652
1 0.919130 0.311304 0.158261 0.274783
1 0.266957 0.388696 0.196522 0.297391
0 0.510435 0.502609 0.335652 0.330435
1 0.723478 0.082609 0.250435 0.161739
1 0.285217 0.091304 0.226087 0.182609
1 0.485217 0.780870 0.240000 0.229565
1 0.065217 0.140870 0.130435 0.240000
1 0.857391 0.629565 0.257391 0.264348
1 0.255652 0.651304 0.236522 0.217391
1 0.057391 0.619130 0.114783 0.229565
1 0.500870 0.057391 0.219130 0.114783
1 0.179130 0.863478 0.243478 0.248696
1 0.848696 0.103478 0.208696 0.203478
