1 0.119444 0.096419 0.238889 0.192837
1 0.793056 0.115702 0.219444 0.231405
1 0.076389 0.297521 0.147222 0.203857
1 0.284722 0.272727 0.230556 0.231405
1 0.895833 0.880165 0.202778 0.234160
1 0.504167 0.874656 0.197222 0.217631
1 0.177778 0.505510 0.200000 0.223140
1 0.830556 0.640496 0.255556 0.278237
1 0.616667 0.834711 0.222222 0.225895
2 0.068056 0.769972 0.130556 0.146006
1 0.450000 0.082645 0.216667 0.159780
1 0.341667 0.061983 0.188889 0.123967
1 0.844444 0.374656 0.222222 0.220386
1 0.268056 0.893939 0.213889 0.206612
0 0.490278 0.498623 0.386111 0.374656
1 0.743056 0.333333 0.141667 0.214876
