1 0.123438 0.081250 0.146875 0.162500
1 0.102344 0.860417 0.157812 0.212500
0 0.408594 0.783333 0.392188 0.429167
1 0.705469 0.236458 0.154688 0.206250
1 0.584375 0.451042 0.187500 0.247917
1 0.862500 0.322917 0.193750 0.250000
1 0.415625 0.187500 0.150000 0.200000
1 0.737500 0.626042 0.193750 0.222917
1 0.299219 0.527083 0.173437 0.212500
1 0.515625 0.319792 0.150000 0.189583
1 0.850000 0.090625 0.171875 0.181250
1 0.775000 0.837500 0.175000 0.204167
1 0.583594 0.080208 0.173437 0.156250
1 0.961719 0.444792 0.073438 0.222917
1 0.933594 0.841667 0.129688 0.208333
1 0.289844 0.207292 0.160938 0.231250
1 0.039062 0.503125 0.078125 0.231250
1 0.605469 0.855208 0.164062 0.231250
1 0.771875 0.743750 0.190625 0.137500
1 0.160938 0.395833 0.215625 0.175000
