1 0.113889 0.337466 0.227778 0.239669
1 0.815278 0.511019 0.191667 0.228650
1 0.922222 0.782369 0.150000 0.242424
1 0.426389 0.147383 0.213889 0.206612
1 0.894444 0.107438 0.205556 0.214876
1 0.191667 0.121212 0.233333 0.225895
1 0.644444 0.181818 0.211111 0.214876
1 0.222222 0.610193 0.188889 0.217631
1 0.919444 0.396694 0.155556 0.181818
1 0.243056 0.778237 0.225000 0.245179
1 0.754167 0.673554 0.225000 0.228650
1 0.684722 0.910468 0.225000 0.173554
2 0.395988 0.725895 0.100000 0.101928
2 0.843056 0.264463 0.080556 0.077135
0 0.504321 0.503979 0.414198 0.440465
