1 0.108333 0.070248 0.216667 0.140496
1 0.833333 0.117080 0.200000 0.217631
1 0.079167 0.865014 0.158333 0.231405
1 0.198611 0.632231 0.230556 0.217631
1 0.852778 0.910468 0.205556 0.173554
1 0.931944 0.359504 0.130556 0.250689
1 0.808333 0.432507 0.188889 0.225895
1 0.197222 0.393939 0.211111 0.220386
1 0.123611 0.261708 0.230556 0.209366
1 0.588889 0.899449 0.227778 0.195592
1 0.348611 0.172176 0.225000 0.256198
1 0.751389 0.694215 0.219444 0.220386
1 0.281944 0.829201 0.230556 0.192837
1 0.630556 0.206612 0.227778 0.242424
0 0.508642 0.505816 0.430247 0.436792
