1 0.346957 0.088696 0.238261 0.173913
1 0.604348 0.872174 0.255652 0.252174
1 0.861739 0.103478 0.273043 0.203478
1 0.580000 0.200870 0.227826 0.175652
1 0.060870 0.751304 0.118261 0.274783
1 0.897391 0.300870 0.201739 0.257391
1 0.206087 0.313043 0.213913 0.222609
1 0.926087 0.604348 0.144348 0.280000
1 0.237391 0.773913 0.269565 0.295652
1 0.870435 0.485217 0.255652 0.253913
1 0.089565 0.077391 0.179130 0.154783
0 0.468696 0.497391 0.509565 0.566957
1 0.574783 0.080000 0.217391 0.160000
1 0.128696 0.247826 0.208696 0.210435
