1 0.809722 0.089532 0.219444 0.179063
1 0.466667 0.746556 0.205556 0.198347
1 0.276389 0.637741 0.208333 0.223140
1 0.797222 0.931129 0.200000 0.132231
1 0.566667 0.906336 0.244444 0.181818
1 0.322222 0.115702 0.216667 0.231405
1 0.131944 0.433884 0.186111 0.250689
1 0.587500 0.165289 0.258333 0.209366
0 0.504167 0.497245 0.302778 0.294766
1 0.262500 0.906336 0.247222 0.181818
1 0.898611 0.535813 0.197222 0.256198
1 0.834722 0.446281 0.225000 0.209366
1 0.725000 0.765840 0.200000 0.187328
1 0.694444 0.690083 0.216667 0.184573
