1 0.086111 0.785124 0.172222 0.225895
1 0.559722 0.922865 0.219444 0.148760
1 0.519444 0.115702 0.200000 0.198347
1 0.955556 0.626722 0.083333 0.195592
1 0.768056 0.066116 0.208333 0.132231
1 0.750000 0.946281 0.233333 0.101928
1 0.273611 0.933884 0.197222 0.126722
1 0.515278 0.767218 0.263889 0.195592
1 0.275000 0.816804 0.233333 0.228650
1 0.940278 0.173554 0.113889 0.220386
2 0.375000 0.137741 0.083333 0.082645
0 0.501389 0.495868 0.375000 0.347107
1 0.861111 0.158402 0.250000 0.212121
1 0.786111 0.391185 0.272222 0.264463
1 0.100309 0.390113 0.200617 0.206612
1 0.165278 0.639118 0.197222 0.170799
1 0.155556 0.544077 0.172222 0.140496
1 0.843056 0.341598 0.186111 0.176309
