1 0.897222 0.089532 0.200000 0.179063
1 0.804167 0.398072 0.186111 0.206612
1 0.733333 0.902204 0.200000 0.190083
1 0.680556 0.235537 0.194444 0.201102
1 0.176389 0.450413 0.197222 0.201102
1 0.936111 0.826446 0.122222 0.214876
1 0.169444 0.822314 0.194444 0.217631
1 0.393056 0.898072 0.197222 0.198347
1 0.495833 0.084022 0.197222 0.168044
1 0.286111 0.060606 0.211111 0.121212
1 0.925000 0.269972 0.144444 0.170799
1 0.934722 0.513774 0.125000 0.234160
1 0.626389 0.856749 0.180556 0.198347
1 0.204167 0.225895 0.208333 0.220386
1 0.812500 0.632231 0.191667 0.239669
1 0.381944 0.778237 0.208333 0.173554
2 0.034722 0.488981 0.069444 0.074380
1 0.247222 0.721763 0.183333 0.170799
0 0.497068 0.498776 0.456481 0.447811
