1 0.306957 0.913043 0.241739 0.170435
1 0.894783 0.597391 0.203478 0.224348
1 0.191304 0.266087 0.257391 0.253913
1 0.633043 0.206957 0.295652 0.240000
1 0.063478 0.754783 0.126957 0.243478
1 0.346087 0.097391 0.240000 0.194783
1 0.134783 0.083478 0.203478 0.163478
1 0.070435 0.927826 0.137391 0.140870
1 0.911304 0.377391 0.173913 0.198261
0 0.503478 0.532174 0.467826 0.466087
1 0.583478 0.889565 0.206957 0.213913
1 0.911304 0.174783 0.173913 0.200000
1 0.905217 0.949565 0.186087 0.097391
1 0.765217 0.856522 0.215652 0.269565
2 0.770435 0.045217 0.194783 0.090435
1 0.856522 0.297391 0.200000 0.184348
