1 0.281944 0.235537 0.202778 0.201102
1 0.433333 0.783747 0.205556 0.195592
1 0.708333 0.736915 0.194444 0.223140
1 0.859722 0.920110 0.202778 0.154270
1 0.098611 0.322314 0.197222 0.214876
1 0.197222 0.073003 0.205556 0.146006
1 0.893056 0.578512 0.208333 0.214876
1 0.156944 0.524793 0.208333 0.234160
1 0.822222 0.666667 0.211111 0.220386
1 0.126389 0.757576 0.186111 0.225895
1 0.316667 0.922865 0.200000 0.148760
1 0.790278 0.254821 0.230556 0.228650
1 0.634722 0.926997 0.236111 0.140496
0 0.504167 0.504897 0.408333 0.341904
2 0.556944 0.059229 0.069444 0.085399
