1 0.587891 0.353516 0.269531 0.285156
1 0.375000 0.316406 0.250000 0.265625
1 0.796875 0.298828 0.265625 0.285156
1 0.779297 0.607422 0.277344 0.285156
1 0.609375 0.109375 0.265625 0.218750
1 0.564453 0.576172 0.253906 0.277344
1 0.455078 0.779297 0.261719 0.261719
1 0.173828 0.220703 0.269531 0.285156
1 0.345703 0.500000 0.253906 0.250000
1 0.125000 0.429688 0.250000 0.242188
1 0.375000 0.111328 0.265625 0.222656
1 0.138672 0.585938 0.261719 0.242188
1 0.701172 0.837891 0.308594 0.285156
1 0.906250 0.498047 0.171875 0.261719
1 0.390625 0.921875 0.234375 0.140625
1 0.179688 0.904297 0.289062 0.183594
1 0.845703 0.107422 0.269531 0.214844
1 0.908203 0.843750 0.167969 0.281250
1 0.218750 0.781250 0.296875 0.265625
