0 0.349600 0.255436 0.358574 0.473372
1 0.823438 0.853125 0.187500 0.214583
1 0.424219 0.779167 0.176563 0.216667
1 0.649219 0.525000 0.167187 0.212500
1 0.431250 0.557292 0.193750 0.206250
1 0.183594 0.906250 0.170313 0.183333
1 0.696094 0.316667 0.195312 0.225000
1 0.271875 0.698958 0.162500 0.210417
1 0.665625 0.106250 0.184375 0.212500
1 0.559375 0.725000 0.171875 0.241667
1 0.150000 0.122917 0.165625 0.241667
1 0.852344 0.063542 0.189062 0.122917
1 0.065625 0.343750 0.128125 0.291667
1 0.071094 0.768750 0.142187 0.229167
1 0.853125 0.447917 0.125000 0.195833
1 0.196875 0.465625 0.171875 0.306250
1 0.792969 0.515625 0.120313 0.193750
