1 0.236522 0.188696 0.212174 0.206957
1 0.057391 0.097391 0.111304 0.191304
1 0.332174 0.778261 0.215652 0.252174
1 0.885217 0.945217 0.226087 0.106087
1 0.066957 0.306087 0.130435 0.212174
1 0.156522 0.946087 0.226087 0.104348
1 0.523478 0.166087 0.271304 0.213913
1 0.907826 0.751304 0.180870 0.240000
1 0.053043 0.834783 0.106087 0.222609
1 0.931304 0.160870 0.133913 0.259130
0 0.480870 0.498261 0.502609 0.478261
1 0.568696 0.830435 0.208696 0.224348
1 0.691304 0.811304 0.231304 0.231304
1 0.774783 0.728696 0.179130 0.215652
