1 0.828125 0.923828 0.265625 0.136719
1 0.390625 0.875000 0.234375 0.234375
1 0.199219 0.560547 0.296875 0.238281
1 0.210938 0.345703 0.234375 0.292969
1 0.902344 0.751953 0.187500 0.253906
1 0.886719 0.263672 0.218750 0.253906
1 0.343750 0.667969 0.265625 0.257812
1 0.611328 0.718750 0.246094 0.250000
1 0.082031 0.785156 0.164062 0.265625
1 0.736328 0.125000 0.199219 0.218750
0 0.502259 0.373506 0.378294 0.395450
1 0.781250 0.671875 0.171875 0.250000
1 0.763672 0.500000 0.253906 0.250000
1 0.621094 0.892578 0.250000 0.199219
1 0.314453 0.128906 0.238281 0.187500
