1 0.080556 0.610193 0.155556 0.201102
1 0.898611 0.136364 0.191667 0.190083
1 0.908333 0.753444 0.177778 0.228650
1 0.094444 0.112948 0.188889 0.225895
1 0.104167 0.356749 0.208333 0.234160
1 0.737500 0.052342 0.241667 0.099174
1 0.444444 0.190083 0.233333 0.220386
1 0.816667 0.903581 0.222222 0.187328
1 0.901389 0.358127 0.191667 0.220386
1 0.466667 0.825069 0.244444 0.245179
1 0.255556 0.717631 0.227778 0.234160
1 0.776389 0.402204 0.197222 0.214876
1 0.933333 0.568871 0.127778 0.195592
0 0.504167 0.502755 0.369444 0.366391
