1 0.901739 0.919130 0.193043 0.158261
1 0.153913 0.440000 0.255652 0.278261
1 0.695652 0.110435 0.278261 0.217391
1 0.911304 0.423478 0.173913 0.262609
1 0.447826 0.110435 0.238261 0.217391
1 0.101739 0.734783 0.203478 0.234783
0 0.505217 0.542609 0.453913 0.455652
1 0.283478 0.877391 0.243478 0.241739
1 0.081739 0.886087 0.163478 0.224348
1 0.185217 0.155652 0.210435 0.238261
1 0.812174 0.426957 0.173913 0.224348
1 0.791304 0.912174 0.163478 0.172174
1 0.218261 0.063478 0.227826 0.123478
1 0.927826 0.115652 0.140870 0.200000
1 0.271304 0.718261 0.212174 0.198261
1 0.513043 0.923478 0.173913 0.149565
