1 0.748047 0.253906 0.308594 0.296875
1 0.767578 0.873047 0.277344 0.246094
1 0.857422 0.486328 0.277344 0.300781
1 0.107422 0.876953 0.214844 0.230469
1 0.503906 0.720703 0.281250 0.277344
1 0.423828 0.097656 0.308594 0.195312
1 0.419922 0.875000 0.253906 0.234375
1 0.736328 0.718750 0.269531 0.265625
1 0.878906 0.111328 0.226562 0.222656
1 0.093750 0.214844 0.187500 0.242188
1 0.697266 0.068359 0.269531 0.136719
1 0.279297 0.234375 0.316406 0.328125
1 0.181641 0.078125 0.277344 0.156250
1 0.205078 0.498047 0.261719 0.246094
1 0.228516 0.861328 0.246094 0.253906
1 0.171875 0.384766 0.265625 0.261719
1 0.589844 0.892578 0.242188 0.199219
0 0.416016 0.484375 0.269531 0.375000
