1 0.523438 0.125000 0.265625 0.250000
1 0.326172 0.218750 0.253906 0.250000
1 0.871094 0.542969 0.250000 0.242188
1 0.873047 0.736328 0.207031 0.222656
1 0.892578 0.156250 0.199219 0.281250
1 0.748047 0.916016 0.238281 0.160156
1 0.593750 0.814453 0.281250 0.316406
1 0.730469 0.126953 0.226562 0.253906
1 0.822266 0.345703 0.292969 0.285156
1 0.263672 0.916016 0.246094 0.160156
1 0.078125 0.642578 0.156250 0.277344
1 0.093750 0.324219 0.187500 0.296875
1 0.203125 0.826172 0.226562 0.230469
1 0.673828 0.658203 0.253906 0.253906
1 0.105469 0.750000 0.210938 0.218750
0 0.314453 0.537109 0.417969 0.378906
1 0.199219 0.099609 0.273438 0.199219
1 0.658203 0.558594 0.214844 0.226562
