0 0.484375 0.486458 0.378125 0.431250
1 0.664844 0.671875 0.170313 0.210417
1 0.665625 0.888542 0.171875 0.206250
1 0.839844 0.931250 0.173437 0.133333
1 0.904687 0.097917 0.187500 0.183333
1 0.096875 0.582292 0.190625 0.235417
1 0.392969 0.093750 0.167187 0.187500
1 0.940625 0.421875 0.115625 0.214583
1 0.790625 0.247917 0.193750 0.225000
1 0.321875 0.802083 0.193750 0.237500
1 0.221875 0.091667 0.156250 0.179167
1 0.117969 0.185417 0.189062 0.237500
1 0.146875 0.884375 0.206250 0.218750
1 0.871875 0.641667 0.165625 0.212500
1 0.457813 0.768750 0.178125 0.187500
1 0.562500 0.173958 0.162500 0.231250
1 0.346875 0.262500 0.171875 0.241667
1 0.192188 0.528125 0.156250 0.222917
1 0.721094 0.078125 0.189062 0.156250
2 0.237500 0.212500 0.078125 0.087500
1 0.920312 0.753125 0.156250 0.193750
1 0.407813 0.939583 0.146875 0.116667
2 0.533594 0.868750 0.057813 0.079167
1 0.739844 0.465625 0.170313 0.210417
1 0.304688 0.600000 0.128125 0.212500
1 0.956250 0.818750 0.084375 0.225000
