0 0.509375 0.279167 0.293750 0.400000
1 0.181250 0.138542 0.165625 0.206250
1 0.899219 0.457292 0.157812 0.197917
1 0.743750 0.176042 0.162500 0.210417
1 0.340625 0.532292 0.153125 0.210417
1 0.759375 0.406250 0.156250 0.191667
1 0.667969 0.755208 0.164062 0.210417
1 0.734375 0.620833 0.168750 0.220833
1 0.302344 0.312500 0.151562 0.241667
1 0.327344 0.761458 0.198437 0.243750
1 0.261719 0.920833 0.170313 0.154167
1 0.842969 0.181250 0.160938 0.195833
2 0.085938 0.380208 0.053125 0.068750
1 0.140625 0.541667 0.146875 0.216667
2 0.575000 0.688542 0.046875 0.060417
1 0.158594 0.856250 0.173437 0.208333
1 0.868750 0.775000 0.187500 0.212500
1 0.949219 0.623958 0.098437 0.227083
1 0.246094 0.532292 0.157812 0.227083
1 0.077344 0.526042 0.151562 0.210417
1 0.071094 0.223958 0.142187 0.256250
