1 0.818056 0.318182 0.208333 0.190083
1 0.205556 0.545455 0.211111 0.192837
1 0.116667 0.943526 0.227778 0.107438
1 0.316667 0.760331 0.194444 0.209366
1 0.506944 0.797521 0.202778 0.201102
1 0.929167 0.187328 0.136111 0.247934
1 0.055556 0.428375 0.105556 0.228650
1 0.943056 0.589532 0.108333 0.258953
1 0.205556 0.323691 0.211111 0.261708
2 0.745833 0.028926 0.086111 0.052342
2 0.230556 0.662534 0.072222 0.079890
1 0.812500 0.874656 0.219444 0.195592
2 0.640278 0.730028 0.075000 0.099174
1 0.754167 0.797521 0.247222 0.206612
0 0.504784 0.497551 0.397840 0.425161
