1 0.232422 0.785156 0.285156 0.289062
1 0.560547 0.138672 0.277344 0.277344
1 0.658203 0.871094 0.285156 0.250000
1 0.855469 0.796875 0.250000 0.250000
1 0.496094 0.736328 0.257812 0.238281
1 0.775391 0.134766 0.292969 0.269531
1 0.703125 0.279297 0.296875 0.277344
1 0.085938 0.703125 0.171875 0.296875
1 0.722656 0.728516 0.281250 0.253906
1 0.214844 0.097656 0.273438 0.195312
1 0.248047 0.298828 0.277344 0.308594
1 0.269531 0.152344 0.242188 0.203125
1 0.160156 0.501953 0.289062 0.285156
1 0.921875 0.531250 0.140625 0.265625
1 0.093750 0.369141 0.187500 0.285156
0 0.453125 0.462891 0.328125 0.394531
