1 0.897391 0.446957 0.201739 0.253913
1 0.806957 0.724348 0.250435 0.297391
1 0.297391 0.151304 0.264348 0.260870
1 0.716522 0.183478 0.208696 0.255652
1 0.244348 0.917391 0.252174 0.161739
1 0.086087 0.806957 0.172174 0.240000
1 0.069565 0.189565 0.139130 0.236522
1 0.140870 0.500870 0.250435 0.236522
1 0.920000 0.193043 0.156522 0.253913
1 0.882609 0.079130 0.231304 0.158261
1 0.537391 0.911304 0.264348 0.173913
1 0.411304 0.807826 0.342609 0.234783
0 0.495652 0.505217 0.500870 0.457391
1 0.937391 0.897391 0.118261 0.191304
1 0.840000 0.929565 0.184348 0.137391
