1 0.917391 0.629565 0.161739 0.212174
1 0.820000 0.310435 0.227826 0.231304
1 0.547826 0.943478 0.264348 0.109565
1 0.694783 0.548696 0.227826 0.280000
1 0.782609 0.111304 0.274783 0.222609
1 0.179130 0.179130 0.253913 0.253913
1 0.137391 0.366087 0.212174 0.241739
1 0.867826 0.886957 0.260870 0.187826
1 0.575652 0.744348 0.267826 0.222609
1 0.293043 0.783478 0.252174 0.262609
1 0.165217 0.634783 0.215652 0.229565
1 0.413913 0.056522 0.267826 0.109565
0 0.457391 0.426957 0.469565 0.502609
1 0.469565 0.108696 0.274783 0.186087
