1 0.675000 0.407292 0.156250 0.210417
0 0.452344 0.410417 0.304688 0.379167
1 0.667188 0.132292 0.156250 0.197917
1 0.682813 0.925000 0.159375 0.145833
1 0.830469 0.147917 0.148438 0.195833
1 0.425000 0.795833 0.181250 0.212500
1 0.777344 0.837500 0.179688 0.233333
1 0.325000 0.096875 0.178125 0.193750
1 0.109375 0.182292 0.184375 0.247917
1 0.281250 0.225000 0.150000 0.204167
1 0.314063 0.598958 0.181250 0.231250
1 0.612500 0.778125 0.165625 0.235417
1 0.061719 0.912500 0.120313 0.170833
1 0.426563 0.086458 0.150000 0.168750
1 0.325000 0.752083 0.175000 0.200000
1 0.148438 0.684375 0.206250 0.272917
1 0.886719 0.543750 0.182812 0.191667
1 0.849219 0.276042 0.164062 0.214583
1 0.046094 0.321875 0.089063 0.214583
1 0.225000 0.406250 0.165625 0.225000
1 0.943750 0.715625 0.109375 0.181250
1 0.908594 0.384375 0.110937 0.147917
1 0.806250 0.423958 0.109375 0.143750
1 0.639844 0.587500 0.157812 0.187500
