1 0.073913 0.260870 0.147826 0.271304
1 0.350435 0.138261 0.269565 0.266087
1 0.747826 0.179130 0.226087 0.240000
1 0.894783 0.086957 0.203478 0.170435
1 0.406957 0.733043 0.292174 0.255652
1 0.096522 0.580870 0.189565 0.229565
1 0.644348 0.860000 0.231304 0.266087
0 0.494783 0.484348 0.356522 0.387826
1 0.906087 0.893913 0.184348 0.208696
1 0.323478 0.913913 0.240000 0.168696
1 0.206957 0.570435 0.236522 0.229565
1 0.877391 0.755652 0.238261 0.248696
1 0.612174 0.733043 0.264348 0.238261
2 0.464348 0.875652 0.076522 0.092174
