1 0.173043 0.138261 0.213913 0.224348
1 0.895652 0.821739 0.205217 0.252174
1 0.711304 0.100870 0.222609 0.198261
1 0.316522 0.269565 0.229565 0.201739
1 0.909565 0.216522 0.177391 0.210435
1 0.320870 0.651304 0.241739 0.234783
1 0.260870 0.916522 0.243478 0.163478
1 0.723478 0.310435 0.212174 0.227826
1 0.101739 0.380870 0.203478 0.236522
1 0.162609 0.831304 0.252174 0.250435
1 0.841739 0.574783 0.215652 0.217391
0 0.505217 0.486957 0.311304 0.354783
1 0.803478 0.440870 0.215652 0.210435
1 0.695652 0.754783 0.194783 0.208696
1 0.137391 0.542609 0.215652 0.257391
1 0.226957 0.436522 0.213913 0.205217
1 0.541739 0.760870 0.203478 0.175652
