1 0.251953 0.876953 0.214844 0.207031
1 0.404297 0.791016 0.199219 0.214844
1 0.699219 0.634766 0.242188 0.238281
1 0.544922 0.660156 0.230469 0.250000
1 0.183594 0.656250 0.218750 0.234375
1 0.603516 0.875000 0.214844 0.234375
1 0.904297 0.685547 0.183594 0.199219
1 0.089844 0.869141 0.179688 0.222656
1 0.294922 0.390625 0.246094 0.218750
1 0.734375 0.859375 0.218750 0.203125
1 0.609375 0.437500 0.234375 0.218750
1 0.296875 0.609375 0.203125 0.218750
1 0.716797 0.392578 0.207031 0.238281
1 0.902344 0.494141 0.187500 0.230469
1 0.890625 0.228516 0.203125 0.199219
1 0.810547 0.166016 0.214844 0.222656
1 0.173828 0.433594 0.199219 0.203125
1 0.144531 0.119141 0.164062 0.214844
0 0.517578 0.181641 0.425781 0.339844
2 0.251953 0.216797 0.066406 0.058594
