0 0.461719 0.525000 0.301563 0.375000
1 0.671875 0.676042 0.168750 0.214583
1 0.212500 0.083333 0.171875 0.162500
1 0.487500 0.237500 0.162500 0.187500
1 0.756250 0.927083 0.134375 0.141667
1 0.075000 0.429167 0.150000 0.191667
1 0.683594 0.061458 0.164062 0.118750
1 0.687500 0.270833 0.175000 0.262500
1 0.350000 0.202083 0.159375 0.212500
1 0.935937 0.911458 0.125000 0.168750
1 0.423438 0.834375 0.190625 0.227083
1 0.568750 0.808333 0.146875 0.200000
1 0.234375 0.502083 0.150000 0.212500
1 0.828125 0.477083 0.171875 0.287500
1 0.478125 0.070833 0.181250 0.137500
1 0.192969 0.710417 0.148438 0.208333
1 0.331250 0.753125 0.175000 0.231250
1 0.192969 0.253125 0.173437 0.214583
1 0.870313 0.165625 0.168750 0.218750
1 0.912500 0.252083 0.146875 0.225000
1 0.233594 0.872917 0.151562 0.158333
