1 0.351389 0.732782 0.191667 0.220386
1 0.088889 0.159780 0.177778 0.214876
1 0.781944 0.548209 0.191667 0.198347
1 0.261111 0.202479 0.183333 0.201102
1 0.722222 0.370523 0.194444 0.212121
1 0.120833 0.561983 0.175000 0.231405
1 0.279167 0.534435 0.152778 0.203857
1 0.537500 0.754821 0.186111 0.176309
1 0.820833 0.902204 0.219444 0.190083
1 0.087500 0.353994 0.175000 0.195592
1 0.841667 0.235537 0.205556 0.201102
1 0.937500 0.655647 0.119444 0.214876
1 0.165278 0.909091 0.213889 0.176309
1 0.455556 0.221763 0.211111 0.217631
1 0.045833 0.761708 0.091667 0.212121
1 0.194444 0.049587 0.216667 0.099174
1 0.730556 0.157025 0.188889 0.214876
1 0.751389 0.736915 0.241667 0.206612
1 0.206944 0.396694 0.186111 0.209366
1 0.905556 0.417355 0.183333 0.228650
1 0.187500 0.809917 0.225000 0.176309
1 0.912500 0.074380 0.169444 0.148760
2 0.030556 0.488981 0.061111 0.090909
1 0.913889 0.918733 0.166667 0.157025
1 0.388889 0.914601 0.188889 0.165289
0 0.498611 0.498623 0.291667 0.325069
1 0.487500 0.911846 0.163889 0.170799
1 0.948611 0.422865 0.097222 0.239669
