1 0.300781 0.701172 0.203125 0.199219
1 0.224609 0.523438 0.183594 0.226562
1 0.433594 0.859375 0.210938 0.218750
1 0.171875 0.148438 0.218750 0.195312
1 0.560547 0.937500 0.238281 0.109375
1 0.115234 0.242188 0.207031 0.187500
0 0.527344 0.480469 0.421875 0.437500
1 0.673828 0.087891 0.222656 0.175781
1 0.851562 0.216797 0.210938 0.207031
1 0.720703 0.269531 0.191406 0.187500
1 0.873047 0.373047 0.246094 0.214844
1 0.152344 0.341797 0.203125 0.183594
1 0.150391 0.759766 0.207031 0.207031
1 0.072266 0.808594 0.144531 0.234375
1 0.167969 0.941406 0.234375 0.109375
1 0.396484 0.207031 0.269531 0.195312
