0 0.551562 0.506250 0.381250 0.458333
1 0.236719 0.628125 0.170313 0.218750
1 0.131250 0.775000 0.168750 0.208333
1 0.648438 0.844792 0.168750 0.210417
1 0.111719 0.247917 0.185938 0.216667
1 0.125000 0.445833 0.162500 0.187500
1 0.589844 0.189583 0.173437 0.200000
1 0.468750 0.812500 0.181250 0.208333
1 0.356250 0.302083 0.190625 0.254167
1 0.836719 0.340625 0.185938 0.181250
1 0.867188 0.515625 0.181250 0.189583
1 0.805469 0.937500 0.185938 0.120833
1 0.315625 0.819792 0.187500 0.193750
1 0.850000 0.119792 0.181250 0.235417
1 0.227344 0.939583 0.210938 0.116667
1 0.785937 0.631250 0.181250 0.208333
1 0.317969 0.432292 0.167187 0.206250
1 0.614844 0.056250 0.164062 0.112500
1 0.950000 0.238542 0.096875 0.235417
1 0.936719 0.694792 0.123438 0.185417
1 0.778125 0.814583 0.153125 0.175000
1 0.200000 0.069792 0.178125 0.135417
1 0.928125 0.778125 0.140625 0.147917
