1 0.790278 0.461433 0.230556 0.228650
1 0.122222 0.710744 0.200000 0.203857
1 0.818056 0.079890 0.230556 0.159780
1 0.190278 0.108815 0.247222 0.217631
1 0.144444 0.319559 0.227778 0.198347
1 0.212500 0.407713 0.213889 0.231405
1 0.713889 0.889807 0.250000 0.214876
1 0.881944 0.358127 0.230556 0.236915
1 0.806944 0.683196 0.230556 0.220386
1 0.401389 0.812672 0.213889 0.225895
1 0.611111 0.778237 0.216667 0.256198
1 0.370833 0.260331 0.230556 0.245179
1 0.247222 0.654270 0.238889 0.239669
0 0.505556 0.497245 0.316667 0.316804
