1 0.219444 0.073003 0.233333 0.146006
1 0.919444 0.243802 0.155556 0.212121
1 0.073611 0.913223 0.147222 0.168044
1 0.113889 0.546832 0.222222 0.245179
1 0.152778 0.256198 0.233333 0.242424
1 0.301389 0.760331 0.236111 0.231405
1 0.936111 0.830579 0.122222 0.212121
1 0.663889 0.144628 0.216667 0.223140
1 0.383333 0.180441 0.227778 0.212121
1 0.384722 0.931129 0.230556 0.132231
1 0.836111 0.579890 0.233333 0.245179
1 0.831944 0.314050 0.247222 0.253444
1 0.755556 0.712121 0.238889 0.234160
1 0.584722 0.842975 0.286111 0.303030
2 0.604167 0.231405 0.063889 0.066116
0 0.492747 0.492348 0.495988 0.475972
