1 0.920000 0.893913 0.156522 0.208696
1 0.724348 0.808696 0.241739 0.236522
1 0.174783 0.273043 0.210435 0.226087
1 0.481739 0.828696 0.226087 0.241739
1 0.120870 0.133043 0.196522 0.158261
1 0.927826 0.636522 0.140870 0.285217
1 0.126957 0.949565 0.243478 0.097391
0 0.517391 0.492174 0.457391 0.424348
1 0.690435 0.183478 0.215652 0.172174
1 0.493043 0.943478 0.224348 0.109565
1 0.098261 0.454783 0.189565 0.220870
1 0.189565 0.704348 0.222609 0.198261
1 0.187826 0.509565 0.191304 0.208696
1 0.283478 0.240870 0.170435 0.241739
1 0.145217 0.055652 0.200000 0.111304
1 0.722609 0.102609 0.227826 0.170435
1 0.786957 0.079130 0.210435 0.158261
