1 0.074783 0.586957 0.146087 0.203478
1 0.511304 0.206957 0.219130 0.215652
1 0.853043 0.586957 0.196522 0.217391
1 0.091304 0.337391 0.182609 0.246957
1 0.216522 0.826957 0.231304 0.255652
1 0.340870 0.167826 0.187826 0.227826
1 0.901739 0.858261 0.193043 0.269565
1 0.060000 0.740870 0.120000 0.243478
1 0.413913 0.083478 0.212174 0.163478
1 0.568696 0.896522 0.219130 0.203478
1 0.923478 0.211304 0.149565 0.255652
1 0.683478 0.840000 0.240000 0.226087
1 0.651304 0.120870 0.252174 0.203478
1 0.849565 0.248696 0.186087 0.271304
1 0.185217 0.091304 0.189565 0.182609
1 0.105217 0.120870 0.196522 0.189565
0 0.517391 0.560870 0.478261 0.495652
