1 0.205556 0.774105 0.205556 0.209366
1 0.425000 0.946281 0.227778 0.101928
1 0.052778 0.413223 0.105556 0.253444
1 0.794444 0.089532 0.222222 0.179063
1 0.477778 0.157025 0.211111 0.214876
1 0.179167 0.213499 0.241667 0.228650
1 0.781944 0.614325 0.236111 0.253444
1 0.240278 0.455923 0.202778 0.223140
1 0.108333 0.714876 0.183333 0.217631
1 0.872222 0.393939 0.250000 0.242424
1 0.568056 0.840220 0.286111 0.242424
1 0.180556 0.075758 0.238889 0.151515
1 0.173611 0.911846 0.225000 0.170799
0 0.498302 0.515611 0.296605 0.412305
