0 0.421875 0.750000 0.265625 0.312500
1 0.554688 0.902344 0.257812 0.187500
1 0.390625 0.337891 0.234375 0.238281
1 0.935547 0.337891 0.121094 0.238281
1 0.744141 0.505859 0.207031 0.222656
1 0.216797 0.875000 0.214844 0.234375
1 0.792969 0.923828 0.250000 0.136719
1 0.910156 0.554688 0.164062 0.250000
1 0.671875 0.640625 0.218750 0.234375
1 0.857422 0.765625 0.222656 0.234375
1 0.488281 0.113281 0.218750 0.226562
1 0.765625 0.156250 0.242188 0.242188
1 0.207031 0.164062 0.242188 0.210938
1 0.167969 0.361328 0.234375 0.191406
1 0.125000 0.486328 0.187500 0.222656
1 0.068359 0.876953 0.136719 0.214844
1 0.294922 0.609375 0.199219 0.242188
