1 0.196875 0.767708 0.178125 0.231250
1 0.652344 0.816667 0.195312 0.229167
1 0.800781 0.479167 0.182812 0.208333
1 0.297656 0.647917 0.160938 0.216667
1 0.198437 0.076042 0.165625 0.152083
0 0.415625 0.213542 0.378125 0.393750
1 0.930469 0.092708 0.135937 0.185417
1 0.155469 0.268750 0.167187 0.216667
1 0.780469 0.084375 0.142187 0.168750
1 0.611719 0.581250 0.198437 0.220833
1 0.716406 0.287500 0.151562 0.204167
1 0.304688 0.940625 0.162500 0.114583
1 0.465625 0.902083 0.171875 0.191667
1 0.117969 0.492708 0.170313 0.202083
1 0.921094 0.802083 0.154688 0.225000
1 0.778906 0.711458 0.176563 0.239583
1 0.458594 0.732292 0.182812 0.210417
1 0.211719 0.453125 0.160938 0.206250
2 0.636719 0.436458 0.057813 0.077083
1 0.817187 0.267708 0.143750 0.181250
1 0.884375 0.915625 0.156250 0.164583
