1 0.111111 0.840220 0.222222 0.203857
1 0.690278 0.144628 0.236111 0.239669
1 0.580556 0.940771 0.250000 0.112948
1 0.319444 0.738292 0.250000 0.258953
1 0.861111 0.548209 0.250000 0.209366
1 0.102778 0.172176 0.200000 0.223140
1 0.934722 0.223140 0.125000 0.258953
1 0.665278 0.706612 0.252778 0.223140
0 0.500000 0.498623 0.300000 0.280992
1 0.102778 0.548209 0.205556 0.242424
2 0.840278 0.874656 0.075000 0.090909
2 0.195833 0.466942 0.113889 0.112948
1 0.920833 0.451791 0.152778 0.220386
1 0.118056 0.637741 0.213889 0.212121
