0 0.760938 0.800000 0.375000 0.395833
1 0.790625 0.264583 0.165625 0.212500
1 0.504687 0.241667 0.181250 0.212500
1 0.340625 0.709375 0.165625 0.210417
1 0.504687 0.515625 0.150000 0.206250
1 0.203125 0.121875 0.153125 0.197917
1 0.915625 0.447917 0.165625 0.229167
1 0.940625 0.219792 0.115625 0.193750
1 0.571094 0.698958 0.145313 0.193750
1 0.196875 0.348958 0.162500 0.218750
1 0.318750 0.903125 0.162500 0.189583
1 0.651563 0.445833 0.153125 0.200000
1 0.885938 0.067708 0.184375 0.131250
1 0.161719 0.918750 0.179688 0.158333
1 0.517188 0.901042 0.159375 0.193750
1 0.211719 0.531250 0.185938 0.220833
1 0.412500 0.918750 0.153125 0.158333
1 0.305469 0.404167 0.176563 0.241667
1 0.392188 0.403125 0.140625 0.185417
1 0.054688 0.614583 0.106250 0.237500
1 0.149219 0.644792 0.148438 0.218750
1 0.652344 0.594792 0.132812 0.218750
1 0.864844 0.541667 0.132812 0.154167
1 0.150000 0.067708 0.140625 0.131250
