1 0.073913 0.775652 0.147826 0.299130
1 0.852174 0.900000 0.253913 0.196522
1 0.260000 0.074783 0.238261 0.146087
1 0.060000 0.446957 0.120000 0.260870
1 0.808696 0.166957 0.246957 0.309565
1 0.426087 0.886087 0.267826 0.224348
1 0.600870 0.076522 0.269565 0.149565
1 0.250435 0.694783 0.212174 0.273043
1 0.150435 0.923478 0.245217 0.149565
1 0.829565 0.434783 0.288696 0.316522
1 0.795652 0.649565 0.231304 0.290435
1 0.546087 0.228696 0.278261 0.238261
0 0.505217 0.509565 0.481739 0.483478
1 0.063478 0.119130 0.126957 0.238261
