1 0.755556 0.095041 0.250000 0.190083
1 0.111111 0.679063 0.183333 0.223140
1 0.459722 0.827824 0.202778 0.217631
1 0.336111 0.925620 0.211111 0.143251
1 0.150000 0.439394 0.244444 0.228650
1 0.272222 0.663912 0.155556 0.209366
1 0.677778 0.294766 0.227778 0.225895
1 0.808333 0.871901 0.188889 0.217631
1 0.120833 0.187328 0.230556 0.258953
1 0.530556 0.061983 0.200000 0.123967
1 0.656944 0.935262 0.230556 0.123967
1 0.784722 0.592287 0.202778 0.258953
1 0.297222 0.064738 0.255556 0.129477
1 0.851389 0.444904 0.197222 0.283747
0 0.502778 0.533058 0.394444 0.399449
1 0.051389 0.884298 0.102778 0.220386
