1 0.629167 0.793388 0.191667 0.231405
1 0.231944 0.643251 0.180556 0.206612
1 0.783333 0.428375 0.188889 0.217631
1 0.818056 0.860882 0.191667 0.206612
1 0.405556 0.800275 0.211111 0.190083
1 0.686111 0.082645 0.194444 0.159780
1 0.055556 0.720386 0.111111 0.206612
1 0.136111 0.943526 0.244444 0.107438
1 0.866667 0.203857 0.255556 0.220386
1 0.508333 0.195592 0.211111 0.214876
1 0.329167 0.089532 0.241667 0.173554
1 0.183333 0.465565 0.238889 0.220386
1 0.291667 0.283747 0.227778 0.192837
0 0.495833 0.508264 0.386111 0.382920
