0 0.568750 0.653125 0.334375 0.447917
1 0.146875 0.625000 0.168750 0.229167
1 0.787500 0.765625 0.181250 0.227083
1 0.165625 0.250000 0.159375 0.212500
1 0.306250 0.679167 0.159375 0.204167
1 0.542188 0.084375 0.168750 0.168750
1 0.905469 0.925000 0.173437 0.145833
1 0.389844 0.407292 0.164062 0.218750
1 0.609375 0.363542 0.193750 0.206250
1 0.903125 0.593750 0.165625 0.200000
1 0.283594 0.911458 0.157812 0.172917
1 0.050000 0.105208 0.096875 0.202083
1 0.434375 0.890625 0.196875 0.214583
2 0.901563 0.734375 0.056250 0.077083
1 0.740625 0.260417 0.171875 0.195833
1 0.734375 0.072917 0.206250 0.141667
1 0.410938 0.205208 0.156250 0.181250
1 0.781250 0.496875 0.156250 0.256250
1 0.933594 0.465625 0.129688 0.197917
