1 0.941739 0.868696 0.113043 0.227826
1 0.820870 0.085217 0.233043 0.170435
1 0.623478 0.909565 0.238261 0.177391
1 0.754783 0.554783 0.191304 0.229565
1 0.066957 0.869565 0.130435 0.208696
1 0.775652 0.768696 0.212174 0.191304
1 0.937391 0.292174 0.121739 0.226087
1 0.106957 0.135652 0.210435 0.233043
1 0.667826 0.234783 0.219130 0.253913
1 0.216522 0.358261 0.238261 0.240000
1 0.926087 0.563478 0.144348 0.215652
1 0.201739 0.588696 0.215652 0.220870
1 0.569565 0.060000 0.245217 0.120000
0 0.488696 0.513043 0.330435 0.372174
