1 0.701739 0.099130 0.217391 0.198261
1 0.907826 0.080870 0.180870 0.158261
1 0.899130 0.815652 0.198261 0.229565
1 0.911304 0.570435 0.170435 0.243478
1 0.921739 0.268696 0.153043 0.203478
1 0.262609 0.087826 0.313043 0.175652
1 0.340000 0.878261 0.210435 0.240000
1 0.670435 0.817391 0.217391 0.219130
1 0.579130 0.234783 0.264348 0.208696
1 0.238261 0.412174 0.201739 0.187826
1 0.166087 0.568696 0.213913 0.208696
0 0.495652 0.547826 0.438261 0.462609
1 0.256522 0.718261 0.248696 0.240000
1 0.786087 0.393043 0.212174 0.236522
1 0.520870 0.886087 0.172174 0.224348
1 0.304348 0.265217 0.240000 0.158261
