1 0.113913 0.932174 0.227826 0.132174
1 0.344348 0.211304 0.236522 0.227826
1 0.633913 0.214783 0.252174 0.262609
1 0.857391 0.160870 0.222609 0.238261
1 0.512174 0.055652 0.213913 0.111304
1 0.681739 0.057391 0.194783 0.114783
1 0.842609 0.543478 0.220870 0.231304
1 0.755652 0.712174 0.213913 0.213913
1 0.920000 0.768696 0.156522 0.177391
1 0.846957 0.906087 0.215652 0.184348
1 0.452174 0.850435 0.240000 0.187826
1 0.229565 0.888696 0.208696 0.198261
1 0.094783 0.735652 0.186087 0.205217
1 0.182609 0.626087 0.222609 0.240000
1 0.160000 0.380870 0.226087 0.191304
1 0.119130 0.158261 0.238261 0.240000
0 0.494783 0.497391 0.499130 0.528696
