0 0.464062 0.622917 0.353125 0.445833
1 0.700000 0.860417 0.181250 0.212500
1 0.065625 0.366667 0.131250 0.208333
1 0.071094 0.584375 0.142187 0.202083
1 0.635938 0.335417 0.162500 0.229167
1 0.762500 0.472917 0.162500 0.225000
1 0.218750 0.296875 0.168750 0.235417
1 0.517188 0.150000 0.193750 0.237500
1 0.167969 0.906250 0.157812 0.183333
1 0.218750 0.537500 0.156250 0.200000
1 0.125000 0.059375 0.175000 0.118750
1 0.936719 0.472917 0.123438 0.187500
1 0.061719 0.806250 0.120313 0.212500
1 0.815625 0.687500 0.181250 0.175000
1 0.254688 0.188542 0.165625 0.231250
1 0.374219 0.347917 0.173437 0.225000
1 0.217969 0.665625 0.185938 0.181250
1 0.915625 0.740625 0.150000 0.206250
2 0.878125 0.167708 0.053125 0.106250
1 0.407813 0.909375 0.209375 0.177083
