1 0.293056 0.661157 0.208333 0.203857
1 0.902778 0.720386 0.188889 0.212121
1 0.487500 0.764463 0.197222 0.190083
1 0.672222 0.093664 0.211111 0.187328
1 0.083333 0.735537 0.166667 0.198347
1 0.918056 0.451791 0.158333 0.192837
1 0.102778 0.443526 0.188889 0.176309
1 0.245833 0.852617 0.186111 0.190083
1 0.081944 0.125344 0.163889 0.206612
1 0.931944 0.914601 0.130556 0.159780
1 0.738889 0.279614 0.188889 0.206612
1 0.618056 0.279614 0.169444 0.206612
1 0.243056 0.088154 0.225000 0.176309
1 0.719444 0.636364 0.188889 0.209366
1 0.636111 0.909091 0.233333 0.176309
1 0.326389 0.285124 0.241667 0.217631
1 0.938889 0.275482 0.116667 0.176309
1 0.881944 0.095041 0.191667 0.190083
1 0.765278 0.943526 0.208333 0.107438
1 0.798611 0.579890 0.163889 0.162534
0 0.495833 0.498623 0.286111 0.292011
2 0.131944 0.584022 0.069444 0.077135
