0 0.411719 0.240625 0.292187 0.381250
0 0.267969 0.840625 0.326562 0.306250
1 0.657813 0.825000 0.146875 0.187500
1 0.105469 0.745833 0.167187 0.225000
1 0.099219 0.121875 0.182812 0.214583
1 0.637500 0.623958 0.156250 0.193750
1 0.073438 0.406250 0.143750 0.195833
1 0.955469 0.086458 0.085938 0.168750
2 0.465625 0.584375 0.053125 0.072917
1 0.809375 0.594792 0.140625 0.202083
1 0.827344 0.128125 0.164062 0.197917
1 0.564844 0.735417 0.154688 0.204167
1 0.846094 0.054167 0.148438 0.104167
1 0.939844 0.635417 0.117188 0.179167
1 0.839063 0.868750 0.153125 0.179167
1 0.568750 0.436458 0.150000 0.218750
1 0.677344 0.334375 0.142187 0.168750
1 0.260937 0.409375 0.140625 0.156250
1 0.383594 0.504167 0.160938 0.166667
1 0.065625 0.566667 0.125000 0.145833
1 0.355469 0.547917 0.164062 0.233333
1 0.674219 0.928125 0.142187 0.139583
1 0.209375 0.200000 0.134375 0.166667
1 0.928906 0.270833 0.139063 0.187500
1 0.667188 0.110417 0.156250 0.216667
1 0.792969 0.315625 0.123438 0.222917
