1 0.810435 0.923478 0.229565 0.149565
1 0.363478 0.801739 0.229565 0.229565
1 0.231304 0.937391 0.236522 0.121739
1 0.133043 0.746957 0.210435 0.224348
1 0.840870 0.704348 0.213913 0.257391
1 0.075652 0.260870 0.151304 0.219130
1 0.298261 0.216522 0.255652 0.220870
1 0.208696 0.440000 0.240000 0.240000
1 0.581739 0.235652 0.241739 0.227826
1 0.501739 0.071304 0.238261 0.142609
1 0.638261 0.801739 0.229565 0.243478
1 0.916522 0.157391 0.163478 0.217391
1 0.780870 0.520870 0.243478 0.241739
1 0.557391 0.918261 0.259130 0.160000
0 0.496522 0.511304 0.311304 0.340870
1 0.813043 0.172174 0.227826 0.240000
