1 0.927778 0.782369 0.138889 0.209366
1 0.108333 0.734160 0.216667 0.239669
1 0.545833 0.922865 0.241667 0.148760
1 0.069444 0.520661 0.138889 0.269972
1 0.752778 0.880165 0.238889 0.234160
1 0.913889 0.581267 0.166667 0.225895
1 0.877778 0.067493 0.222222 0.134986
1 0.783333 0.668044 0.227778 0.256198
1 0.331944 0.830579 0.225000 0.250689
1 0.229167 0.578512 0.208333 0.236915
1 0.241667 0.247934 0.250000 0.220386
1 0.786111 0.406336 0.277778 0.261708
1 0.658333 0.198347 0.216667 0.225895
1 0.875000 0.199725 0.244444 0.184573
0 0.483796 0.571472 0.371914 0.382002
1 0.086111 0.308540 0.172222 0.209366
1 0.468056 0.283747 0.186111 0.198347
