1 0.340278 0.071625 0.225000 0.143251
1 0.766667 0.092287 0.200000 0.184573
1 0.363889 0.820937 0.200000 0.209366
1 0.091667 0.260331 0.183333 0.212121
1 0.297222 0.264463 0.200000 0.203857
1 0.177778 0.438017 0.188889 0.198347
1 0.831944 0.411846 0.202778 0.168044
1 0.911111 0.236915 0.172222 0.220386
1 0.947222 0.760331 0.100000 0.198347
1 0.152778 0.874656 0.188889 0.195592
1 0.773611 0.670799 0.213889 0.217631
1 0.833333 0.896694 0.222222 0.201102
1 0.595833 0.814050 0.230556 0.217631
1 0.148611 0.765840 0.180556 0.148760
2 0.566667 0.096419 0.072222 0.066116
0 0.501235 0.505663 0.441975 0.430976
