1 0.088889 0.683196 0.177778 0.236915
1 0.736111 0.830579 0.238889 0.245179
1 0.827778 0.650138 0.194444 0.203857
1 0.155556 0.892562 0.222222 0.209366
1 0.254167 0.495868 0.213889 0.258953
1 0.855556 0.216253 0.233333 0.239669
1 0.922222 0.439394 0.150000 0.250689
1 0.379167 0.750689 0.219444 0.250689
1 0.145833 0.325069 0.197222 0.303030
1 0.490278 0.827824 0.236111 0.278237
1 0.908333 0.731405 0.177778 0.261708
1 0.608333 0.150138 0.233333 0.201102
1 0.702469 0.096572 0.222840 0.193144
0 0.504167 0.505510 0.302778 0.283747
1 0.623611 0.349862 0.247222 0.253444
1 0.744444 0.473829 0.200000 0.280992
2 0.420833 0.333333 0.091667 0.082645
