1 0.427344 0.640625 0.160938 0.193750
1 0.687500 0.679167 0.181250 0.229167
1 0.602344 0.289583 0.154688 0.225000
0 0.465625 0.137500 0.328125 0.275000
1 0.858594 0.698958 0.182812 0.206250
1 0.125000 0.236458 0.146875 0.218750
1 0.932813 0.166667 0.131250 0.204167
1 0.274219 0.267708 0.164062 0.193750
1 0.746875 0.453125 0.162500 0.193750
2 0.053125 0.144792 0.059375 0.072917
1 0.321875 0.459375 0.209375 0.239583
1 0.462500 0.895833 0.156250 0.187500
1 0.039062 0.266667 0.078125 0.204167
1 0.886719 0.046875 0.173437 0.093750
1 0.742188 0.258333 0.168750 0.212500
1 0.155469 0.551042 0.192188 0.181250
1 0.862500 0.415625 0.159375 0.185417
1 0.134375 0.939583 0.165625 0.116667
1 0.205469 0.883333 0.132812 0.225000
1 0.042188 0.831250 0.081250 0.187500
2 0.798438 0.880208 0.037500 0.056250
1 0.940625 0.513542 0.115625 0.214583
1 0.328125 0.853125 0.153125 0.202083
1 0.237500 0.085417 0.131250 0.166667
