1 0.115278 0.099174 0.230556 0.198347
1 0.940278 0.172176 0.113889 0.239669
1 0.598611 0.199725 0.202778 0.212121
1 0.475000 0.880165 0.205556 0.234160
1 0.919444 0.601928 0.155556 0.272727
1 0.661111 0.764463 0.233333 0.261708
1 0.184722 0.351240 0.202778 0.256198
1 0.327778 0.223140 0.233333 0.225895
1 0.245833 0.633609 0.241667 0.286501
1 0.872222 0.853994 0.250000 0.225895
1 0.763889 0.209366 0.227778 0.242424
2 0.763889 0.030303 0.116667 0.060606
2 0.806944 0.626722 0.102778 0.096419
2 0.036111 0.300275 0.072222 0.099174
0 0.499691 0.502908 0.414198 0.405877
1 0.054012 0.630395 0.108025 0.285583
