1 0.511719 0.859375 0.176563 0.227083
1 0.298438 0.623958 0.187500 0.227083
0 0.379688 0.167708 0.346875 0.331250
1 0.862500 0.550000 0.184375 0.233333
1 0.650000 0.246875 0.178125 0.231250
1 0.831250 0.889583 0.159375 0.212500
1 0.671094 0.927083 0.157812 0.141667
1 0.312500 0.387500 0.203125 0.225000
1 0.727344 0.723958 0.176563 0.227083
1 0.478125 0.484375 0.184375 0.231250
1 0.325000 0.836458 0.193750 0.206250
1 0.600000 0.076042 0.181250 0.147917
1 0.954688 0.835417 0.087500 0.229167
1 0.933594 0.285417 0.129688 0.212500
1 0.565625 0.493750 0.131250 0.245833
1 0.473438 0.285417 0.178125 0.208333
1 0.202344 0.828125 0.192188 0.197917
