1 0.946087 0.813913 0.104348 0.226087
1 0.054783 0.123478 0.106087 0.246957
1 0.629565 0.906087 0.219130 0.184348
1 0.331304 0.913913 0.266087 0.168696
1 0.224348 0.203478 0.229565 0.240000
1 0.098261 0.926087 0.189565 0.144348
1 0.132174 0.409565 0.226087 0.255652
1 0.923478 0.254783 0.149565 0.241739
1 0.067826 0.679130 0.135652 0.227826
1 0.432174 0.271304 0.175652 0.250435
1 0.826957 0.480870 0.220870 0.238261
1 0.207826 0.779130 0.172174 0.173913
1 0.623478 0.281739 0.210435 0.229565
0 0.502235 0.499881 0.287949 0.324979
1 0.292174 0.564348 0.187826 0.241739
1 0.379130 0.726957 0.250435 0.229565
