1 0.080000 0.751304 0.160000 0.229565
1 0.085217 0.149565 0.170435 0.233043
1 0.214783 0.926087 0.200000 0.144348
1 0.926087 0.274783 0.144348 0.222609
1 0.254783 0.096522 0.241739 0.189565
1 0.720000 0.214783 0.226087 0.227826
1 0.929565 0.083478 0.137391 0.166957
1 0.249565 0.495652 0.200000 0.274783
1 0.826957 0.424348 0.220870 0.226087
1 0.413043 0.900000 0.210435 0.196522
1 0.451304 0.163478 0.227826 0.253913
1 0.759130 0.605217 0.203478 0.278261
1 0.143478 0.368696 0.217391 0.215652
1 0.582609 0.767826 0.271304 0.234783
0 0.526957 0.477391 0.389565 0.391304
