1 0.901739 0.182609 0.193043 0.267826
1 0.091304 0.504348 0.182609 0.226087
1 0.633043 0.103478 0.236522 0.206957
1 0.306957 0.107826 0.241739 0.215652
1 0.735652 0.860870 0.250435 0.260870
1 0.686957 0.306087 0.253913 0.240000
1 0.275652 0.396522 0.182609 0.219130
1 0.093913 0.063478 0.187826 0.123478
1 0.095652 0.231304 0.187826 0.285217
1 0.391304 0.833913 0.246957 0.297391
0 0.526957 0.563478 0.351304 0.466087
1 0.650435 0.935652 0.253913 0.125217
1 0.099130 0.893043 0.187826 0.189565
2 0.563478 0.866957 0.080000 0.071304
2 0.374783 0.292174 0.081739 0.080000
1 0.179130 0.796522 0.173913 0.191304
