1 0.830556 0.585399 0.188889 0.190083
1 0.329167 0.257576 0.236111 0.212121
1 0.084722 0.858127 0.169444 0.245179
1 0.829167 0.213499 0.186111 0.206612
1 0.506944 0.068871 0.208333 0.137741
1 0.109722 0.068871 0.219444 0.137741
1 0.736111 0.920110 0.205556 0.154270
1 0.654167 0.257576 0.197222 0.256198
1 0.591667 0.874656 0.177778 0.239669
1 0.244444 0.858127 0.172222 0.223140
2 0.098611 0.563361 0.130556 0.123967
2 0.791667 0.409091 0.127778 0.123967
1 0.391667 0.814050 0.266667 0.267218
2 0.123611 0.730028 0.091667 0.088154
2 0.536111 0.286501 0.066667 0.071625
0 0.500000 0.533670 0.407407 0.411693
