1 0.941667 0.505510 0.111111 0.206612
1 0.780556 0.590909 0.194444 0.228650
1 0.075000 0.297521 0.150000 0.231405
1 0.123611 0.090909 0.236111 0.181818
1 0.104167 0.670799 0.208333 0.256198
1 0.922222 0.909091 0.150000 0.176309
1 0.683333 0.855372 0.188889 0.272727
1 0.756944 0.344353 0.175000 0.220386
1 0.658333 0.134986 0.227778 0.220386
1 0.215278 0.794766 0.225000 0.272727
1 0.866667 0.174931 0.227778 0.195592
1 0.894444 0.695592 0.205556 0.217631
1 0.309722 0.052342 0.213889 0.104683
1 0.461111 0.921488 0.216667 0.151515
1 0.054167 0.556474 0.108333 0.209366
0 0.497840 0.498623 0.448765 0.699725
