1 0.097222 0.537190 0.194444 0.214876
1 0.368056 0.842975 0.230556 0.225895
1 0.931944 0.484848 0.130556 0.225895
1 0.906944 0.257576 0.180556 0.223140
1 0.875000 0.907713 0.238889 0.179063
1 0.565278 0.910468 0.213889 0.173554
1 0.716667 0.064738 0.250000 0.129477
1 0.138889 0.887052 0.205556 0.220386
1 0.244444 0.681818 0.211111 0.217631
1 0.129167 0.253444 0.225000 0.247934
1 0.626389 0.732782 0.219444 0.203857
1 0.058333 0.716253 0.116667 0.209366
1 0.431944 0.187328 0.236111 0.225895
1 0.766667 0.497245 0.194444 0.250689
1 0.211111 0.465565 0.222222 0.214876
0 0.502778 0.493113 0.327778 0.319559
