1 0.334722 0.286501 0.213889 0.198347
1 0.084722 0.477961 0.169444 0.223140
1 0.888889 0.582645 0.183333 0.206612
1 0.726389 0.920110 0.247222 0.154270
1 0.111111 0.185950 0.222222 0.217631
1 0.422222 0.096419 0.211111 0.192837
1 0.284722 0.921488 0.213889 0.151515
1 0.495833 0.947658 0.219444 0.099174
1 0.926389 0.365014 0.141667 0.256198
1 0.697222 0.685950 0.222222 0.231405
1 0.144444 0.724518 0.244444 0.225895
1 0.056944 0.899449 0.113889 0.195592
1 0.272222 0.523416 0.188889 0.247934
1 0.854167 0.108815 0.230556 0.217631
1 0.630556 0.212121 0.233333 0.236915
1 0.463889 0.768595 0.216667 0.209366
0 0.501389 0.500000 0.263889 0.261708
