1 0.900000 0.329201 0.194444 0.201102
1 0.170833 0.917355 0.202778 0.159780
1 0.270833 0.719008 0.186111 0.181818
1 0.176389 0.476584 0.180556 0.209366
1 0.830556 0.541322 0.183333 0.190083
1 0.802778 0.119835 0.216667 0.228650
1 0.452778 0.825069 0.200000 0.173554
1 0.302778 0.168044 0.244444 0.220386
1 0.638889 0.815427 0.177778 0.214876
1 0.552778 0.106061 0.233333 0.206612
1 0.852778 0.760331 0.222222 0.198347
1 0.612500 0.921488 0.213889 0.151515
2 0.095833 0.082645 0.152778 0.148760
2 0.316667 0.862259 0.105556 0.099174
1 0.922222 0.721763 0.150000 0.209366
2 0.786111 0.972452 0.094444 0.049587
0 0.503858 0.502296 0.461420 0.446893
