0 0.392578 0.746094 0.261719 0.312500
1 0.177734 0.166016 0.261719 0.214844
1 0.529297 0.898438 0.261719 0.195312
1 0.367188 0.328125 0.226562 0.234375
1 0.763672 0.921875 0.246094 0.140625
1 0.921875 0.328125 0.140625 0.234375
1 0.712891 0.501953 0.207031 0.214844
1 0.462891 0.109375 0.238281 0.218750
1 0.902344 0.546875 0.187500 0.250000
1 0.148438 0.355469 0.234375 0.226562
1 0.251953 0.611328 0.222656 0.253906
1 0.734375 0.154297 0.265625 0.261719
1 0.197266 0.859375 0.207031 0.218750
1 0.107422 0.484375 0.207031 0.218750
1 0.650391 0.626953 0.222656 0.246094
1 0.642578 0.619141 0.222656 0.246094
