1 0.433333 0.090909 0.216667 0.181818
1 0.208333 0.099174 0.205556 0.198347
1 0.909722 0.217631 0.175000 0.214876
1 0.290278 0.589532 0.186111 0.236915
1 0.579167 0.232782 0.208333 0.201102
1 0.090278 0.915978 0.180556 0.162534
1 0.100000 0.512397 0.200000 0.214876
1 0.718056 0.095041 0.202778 0.190083
1 0.298611 0.907713 0.208333 0.179063
1 0.897222 0.906336 0.200000 0.181818
1 0.052778 0.730028 0.105556 0.209366
1 0.216667 0.348485 0.211111 0.206612
1 0.815278 0.713499 0.191667 0.236915
1 0.601389 0.723140 0.219444 0.212121
1 0.422222 0.831956 0.216667 0.214876
1 0.768056 0.444904 0.213889 0.261708
0 0.506944 0.498623 0.280556 0.275482
1 0.909722 0.432507 0.175000 0.192837
