1 0.563459 0.116413 0.203421 0.232825
1 0.176230 0.105691 0.221311 0.211382
1 0.602459 0.794038 0.243169 0.233062
1 0.795530 0.472460 0.208546 0.231233
2 0.818306 0.105691 0.112022 0.108401
0 0.502732 0.502710 0.306011 0.403794
1 0.822404 0.695122 0.234973 0.252033
1 0.299180 0.697832 0.237705 0.241192
1 0.274590 0.307588 0.254098 0.246612
1 0.088798 0.761518 0.177596 0.260163
1 0.827869 0.913279 0.251366 0.168022
1 0.051642 0.393363 0.103285 0.302704
1 0.252732 0.506775 0.199454 0.211382
1 0.668257 0.164692 0.203760 0.222008
1 0.801010 0.353015 0.200673 0.191386
