1 0.905217 0.862609 0.186087 0.246957
1 0.380870 0.856522 0.243478 0.248696
1 0.131304 0.883478 0.238261 0.229565
1 0.283478 0.652174 0.222609 0.253913
1 0.309565 0.079130 0.212174 0.158261
1 0.295652 0.357391 0.208696 0.255652
0 0.501739 0.497391 0.276522 0.323478
1 0.790435 0.485217 0.252174 0.240000
1 0.197391 0.192174 0.210435 0.213913
1 0.096522 0.566087 0.189565 0.241739
1 0.588696 0.123478 0.220870 0.246957
1 0.840870 0.268696 0.241739 0.241739
1 0.623478 0.786087 0.234783 0.240000
1 0.814783 0.108696 0.217391 0.213913
1 0.751304 0.703478 0.233043 0.231304
1 0.501739 0.199130 0.200000 0.227826
