1 0.906944 0.907713 0.180556 0.179063
1 0.912500 0.582645 0.169444 0.212121
1 0.343056 0.933884 0.202778 0.126722
1 0.065278 0.680441 0.125000 0.209366
1 0.208333 0.169421 0.211111 0.228650
1 0.052778 0.190083 0.100000 0.214876
1 0.709722 0.893939 0.219444 0.206612
1 0.430556 0.804408 0.227778 0.203857
1 0.131944 0.944904 0.202778 0.104683
1 0.895833 0.264463 0.202778 0.242424
2 0.327778 0.031680 0.077778 0.063361
2 0.304167 0.690083 0.086111 0.068871
1 0.202778 0.573003 0.205556 0.181818
1 0.168056 0.465565 0.197222 0.176309
0 0.509259 0.500918 0.385802 0.397612
1 0.416667 0.183196 0.200000 0.206612
1 0.455556 0.096419 0.155556 0.159780
