1 0.062500 0.694215 0.125000 0.214876
1 0.926389 0.380165 0.141667 0.236915
1 0.852778 0.528926 0.194444 0.209366
1 0.097222 0.888430 0.194444 0.217631
1 0.170833 0.415978 0.202778 0.264463
1 0.830556 0.898072 0.222222 0.198347
1 0.206944 0.112948 0.213889 0.225895
1 0.872222 0.136364 0.200000 0.190083
1 0.351389 0.931129 0.230556 0.132231
1 0.231944 0.707989 0.202778 0.231405
1 0.423611 0.089532 0.213889 0.179063
1 0.625000 0.858127 0.188889 0.184573
1 0.365278 0.198347 0.202778 0.225895
2 0.037500 0.096419 0.075000 0.082645
2 0.952778 0.822314 0.083333 0.090909
1 0.911111 0.066116 0.172222 0.132231
1 0.500000 0.906336 0.205556 0.181818
0 0.505710 0.474747 0.488580 0.587695
