1 0.926087 0.237391 0.144348 0.259130
1 0.754783 0.107826 0.243478 0.215652
1 0.246957 0.888696 0.215652 0.219130
1 0.147826 0.714783 0.236522 0.208696
1 0.208696 0.506957 0.236522 0.252174
1 0.703478 0.308696 0.255652 0.245217
1 0.905217 0.780000 0.186087 0.238261
1 0.087826 0.164348 0.175652 0.224348
1 0.347826 0.213043 0.205217 0.217391
1 0.820000 0.923478 0.238261 0.146087
1 0.439130 0.870435 0.189565 0.196522
0 0.526087 0.559130 0.398261 0.457391
1 0.613043 0.872174 0.224348 0.213913
1 0.458261 0.178261 0.224348 0.203478
