1 0.310109 0.319783 0.221311 0.238482
1 0.937158 0.322493 0.120219 0.227642
1 0.236339 0.112466 0.221311 0.224932
1 0.934426 0.864499 0.125683 0.222222
1 0.333333 0.720867 0.229508 0.222222
1 0.102459 0.373984 0.204918 0.222222
1 0.788251 0.203252 0.193989 0.216802
0 0.504098 0.501355 0.314208 0.298103
1 0.482240 0.142276 0.221311 0.224932
1 0.886612 0.640921 0.221311 0.235772
1 0.413934 0.907859 0.210383 0.178862
1 0.103648 0.695949 0.207295 0.219512
1 0.778689 0.543360 0.202186 0.208672
1 0.693989 0.857724 0.196721 0.197832
1 0.084831 0.914385 0.169661 0.165809
1 0.138449 0.950366 0.216789 0.093848
