1 0.079130 0.133043 0.158261 0.266087
1 0.161739 0.406087 0.260870 0.266087
1 0.534783 0.903478 0.280000 0.186087
1 0.721493 0.065379 0.198261 0.130758
1 0.109565 0.919130 0.219130 0.158261
1 0.846957 0.923478 0.240000 0.149565
1 0.901739 0.074783 0.193043 0.146087
1 0.837391 0.672174 0.175652 0.227826
1 0.848696 0.262609 0.191304 0.208696
0 0.515652 0.502609 0.426087 0.438261
1 0.202609 0.733913 0.220870 0.302609
1 0.900000 0.354783 0.196522 0.163478
1 0.617391 0.105217 0.257391 0.210435
1 0.763478 0.709565 0.191304 0.212174
1 0.651304 0.766957 0.196522 0.180870
1 0.160870 0.591304 0.231304 0.177391
