1 0.055556 0.607438 0.111111 0.223140
1 0.115278 0.254821 0.230556 0.206612
1 0.913889 0.274105 0.166667 0.212121
1 0.184722 0.822314 0.169444 0.239669
1 0.455556 0.174931 0.227778 0.223140
1 0.702778 0.938017 0.216667 0.118457
1 0.945833 0.498623 0.102778 0.242424
1 0.343056 0.951791 0.236111 0.090909
1 0.718056 0.713499 0.208333 0.253444
1 0.206944 0.084022 0.241667 0.168044
1 0.772222 0.505510 0.222222 0.206612
1 0.363889 0.280992 0.244444 0.231405
1 0.502778 0.816804 0.261111 0.223140
2 0.784722 0.355372 0.102778 0.099174
0 0.480556 0.535813 0.333333 0.371901
2 0.813426 0.035354 0.047222 0.063361
2 0.870988 0.033517 0.050000 0.063361
