0 0.293750 0.512500 0.350000 0.491667
1 0.528125 0.256250 0.156250 0.208333
1 0.637500 0.906250 0.168750 0.183333
1 0.946094 0.691667 0.104688 0.220833
1 0.361719 0.135417 0.192188 0.195833
1 0.674219 0.213542 0.167187 0.206250
1 0.129688 0.777083 0.178125 0.225000
2 0.137500 0.231250 0.068750 0.087500
1 0.809375 0.945833 0.153125 0.104167
1 0.767188 0.741667 0.187500 0.241667
1 0.675000 0.446875 0.165625 0.214583
1 0.308594 0.841667 0.198437 0.229167
2 0.506250 0.801042 0.059375 0.081250
1 0.681250 0.563542 0.162500 0.189583
1 0.922656 0.082292 0.151562 0.160417
2 0.571875 0.678125 0.059375 0.085417
1 0.250000 0.167708 0.153125 0.218750
1 0.939844 0.906250 0.117188 0.183333
1 0.878125 0.248958 0.162500 0.281250
1 0.068750 0.471875 0.137500 0.218750
1 0.296094 0.940625 0.142187 0.114583
1 0.750000 0.653125 0.156250 0.168750
