0 0.521875 0.787500 0.381250 0.420833
1 0.912500 0.156250 0.171875 0.225000
1 0.612500 0.073958 0.181250 0.143750
1 0.896875 0.921875 0.159375 0.152083
1 0.073438 0.110417 0.146875 0.216667
1 0.745313 0.657292 0.162500 0.210417
1 0.831250 0.370833 0.150000 0.187500
1 0.676562 0.270833 0.193750 0.250000
2 0.178125 0.888542 0.065625 0.085417
1 0.077344 0.530208 0.148438 0.193750
1 0.948438 0.491667 0.100000 0.220833
1 0.234375 0.457292 0.165625 0.193750
1 0.331250 0.107292 0.150000 0.210417
1 0.938281 0.665625 0.120313 0.227083
1 0.160938 0.525000 0.168750 0.191667
1 0.549219 0.486458 0.164062 0.193750
1 0.171875 0.262500 0.156250 0.175000
1 0.628125 0.506250 0.168750 0.204167
1 0.356250 0.307292 0.196875 0.189583
1 0.289844 0.740625 0.129688 0.239583
1 0.262500 0.850000 0.159375 0.295833
1 0.056250 0.859375 0.109375 0.277083
