1 0.486328 0.902344 0.253906 0.187500
1 0.189453 0.750000 0.277344 0.265625
1 0.251953 0.527344 0.246094 0.250000
1 0.750000 0.123047 0.234375 0.246094
1 0.669922 0.328125 0.230469 0.234375
1 0.722656 0.576172 0.250000 0.246094
1 0.667969 0.796875 0.250000 0.234375
1 0.875000 0.357422 0.234375 0.269531
1 0.111328 0.390625 0.222656 0.281250
1 0.916016 0.605469 0.160156 0.265625
1 0.544922 0.103516 0.222656 0.207031
1 0.359375 0.330078 0.265625 0.222656
1 0.093750 0.900391 0.187500 0.191406
1 0.808594 0.792969 0.218750 0.250000
1 0.322266 0.210938 0.246094 0.234375
0 0.492188 0.486328 0.281250 0.269531
1 0.923828 0.150391 0.136719 0.246094
1 0.109375 0.251953 0.218750 0.199219
1 0.439453 0.150391 0.246094 0.261719
