1 0.070833 0.862259 0.141667 0.198347
1 0.900000 0.056474 0.194444 0.112948
1 0.916667 0.910468 0.161111 0.173554
1 0.252778 0.909091 0.216667 0.176309
1 0.744444 0.090909 0.172222 0.181818
1 0.786111 0.206612 0.205556 0.209366
1 0.826389 0.717631 0.219444 0.217631
1 0.193056 0.136364 0.169444 0.272727
1 0.526389 0.780992 0.236111 0.212121
1 0.879167 0.477961 0.236111 0.206612
1 0.280556 0.739669 0.233333 0.184573
1 0.366667 0.329201 0.216667 0.184573
1 0.370833 0.139118 0.208333 0.217631
1 0.315278 0.064738 0.230556 0.129477
0 0.493519 0.501224 0.301852 0.352923
