1 0.154783 0.888696 0.191304 0.215652
1 0.342609 0.748696 0.240000 0.245217
1 0.396522 0.913913 0.299130 0.161739
1 0.851304 0.063478 0.241739 0.126957
1 0.350435 0.206957 0.259130 0.260870
1 0.205217 0.561739 0.208696 0.229565
1 0.714783 0.155652 0.246957 0.224348
1 0.239130 0.394783 0.238261 0.257391
1 0.672174 0.872174 0.213913 0.227826
1 0.117391 0.252174 0.231304 0.306087
0 0.597391 0.481739 0.589565 0.480000
1 0.880870 0.639130 0.193043 0.186087
1 0.847826 0.725217 0.200000 0.222609
1 0.795652 0.848696 0.213913 0.180870
