1 0.356944 0.920110 0.219444 0.154270
1 0.670833 0.088154 0.219444 0.176309
1 0.352778 0.129477 0.200000 0.225895
1 0.919444 0.808540 0.155556 0.217631
1 0.895833 0.070248 0.202778 0.140496
1 0.802778 0.329201 0.200000 0.212121
1 0.143056 0.079890 0.213889 0.159780
1 0.768056 0.691460 0.197222 0.214876
1 0.066667 0.300275 0.133333 0.192837
1 0.165278 0.553719 0.202778 0.220386
1 0.129167 0.920110 0.213889 0.154270
1 0.148611 0.707989 0.208333 0.214876
1 0.836111 0.597796 0.205556 0.192837
1 0.444444 0.092287 0.205556 0.184573
1 0.133333 0.326446 0.211111 0.217631
0 0.507253 0.518365 0.470062 0.500459
