1 0.906087 0.146957 0.184348 0.227826
1 0.396522 0.893913 0.285217 0.208696
1 0.159130 0.927826 0.307826 0.137391
1 0.753043 0.671304 0.229565 0.288696
1 0.895652 0.827826 0.205217 0.264348
1 0.598261 0.093043 0.264348 0.186087
1 0.178261 0.736522 0.238261 0.227826
1 0.360870 0.136522 0.234783 0.248696
0 0.120870 0.363478 0.238261 0.236522
1 0.151304 0.060870 0.243478 0.118261
1 0.795652 0.369565 0.189565 0.307826
1 0.120870 0.363478 0.238261 0.233043
0 0.471304 0.468696 0.483478 0.603478
1 0.668696 0.923478 0.196522 0.149565
