1 0.900870 0.196522 0.194783 0.240000
1 0.094783 0.735652 0.186087 0.219130
1 0.536522 0.140870 0.255652 0.219130
1 0.841739 0.426957 0.219130 0.224348
1 0.121739 0.307826 0.243478 0.253913
1 0.271304 0.813913 0.201739 0.222609
1 0.241739 0.077391 0.226087 0.151304
1 0.161739 0.537391 0.222609 0.240000
1 0.797391 0.926087 0.255652 0.144348
1 0.581739 0.836522 0.231304 0.302609
1 0.794783 0.677391 0.201739 0.224348
1 0.906087 0.666957 0.184348 0.224348
1 0.066957 0.113913 0.130435 0.227826
0 0.462609 0.493043 0.553043 0.495652
1 0.096522 0.925217 0.189565 0.146087
