1 0.715652 0.071304 0.200000 0.142609
1 0.466087 0.173043 0.267826 0.231304
1 0.809565 0.320870 0.196522 0.224348
1 0.362609 0.066087 0.248696 0.132174
1 0.117391 0.063478 0.234783 0.126957
1 0.108696 0.552174 0.213913 0.241739
1 0.926087 0.707826 0.144348 0.285217
1 0.190435 0.373913 0.245217 0.267826
1 0.720000 0.855652 0.253913 0.246957
1 0.879130 0.586957 0.238261 0.276522
1 0.134783 0.185217 0.217391 0.217391
1 0.186957 0.808696 0.186087 0.236522
0 0.481739 0.560870 0.577391 0.523478
1 0.306957 0.888696 0.210435 0.208696
