1 0.072222 0.387052 0.144444 0.239669
1 0.923611 0.227273 0.147222 0.261708
1 0.770833 0.608815 0.247222 0.253444
1 0.130556 0.732782 0.227778 0.242424
1 0.945833 0.668044 0.102778 0.234160
1 0.108333 0.061983 0.216667 0.123967
1 0.381944 0.268595 0.213889 0.217631
1 0.127778 0.228650 0.255556 0.214876
1 0.520833 0.140496 0.230556 0.220386
1 0.275000 0.625344 0.222222 0.247934
1 0.501389 0.910468 0.225000 0.173554
1 0.737500 0.915978 0.263889 0.162534
1 0.340278 0.826446 0.225000 0.242424
1 0.854167 0.820937 0.280556 0.236915
1 0.168056 0.931129 0.180556 0.132231
0 0.506944 0.505510 0.313889 0.349862
1 0.600000 0.326446 0.233333 0.267218
1 0.655556 0.086777 0.227778 0.173554
1 0.702778 0.210744 0.194444 0.267218
