1 0.341797 0.812500 0.285156 0.250000
1 0.781250 0.916016 0.250000 0.160156
1 0.335938 0.263672 0.265625 0.253906
1 0.113281 0.843750 0.226562 0.265625
1 0.218750 0.406250 0.234375 0.250000
1 0.566406 0.861328 0.281250 0.238281
1 0.691406 0.246094 0.250000 0.289062
1 0.798828 0.626953 0.300781 0.238281
1 0.857422 0.791016 0.261719 0.214844
1 0.855469 0.167969 0.187500 0.320312
1 0.732422 0.439453 0.246094 0.261719
1 0.402344 0.113281 0.273438 0.226562
1 0.216797 0.923828 0.277344 0.136719
1 0.078125 0.402344 0.156250 0.234375
1 0.517578 0.406250 0.253906 0.265625
0 0.437500 0.560547 0.328125 0.371094
