1 0.189453 0.230469 0.230469 0.242188
1 0.205078 0.453125 0.230469 0.234375
1 0.822266 0.109375 0.253906 0.218750
1 0.384766 0.910156 0.253906 0.164062
1 0.322266 0.515625 0.222656 0.250000
1 0.140625 0.806641 0.250000 0.214844
1 0.554688 0.068359 0.273438 0.136719
1 0.392578 0.185547 0.246094 0.246094
1 0.078125 0.111328 0.156250 0.222656
1 0.234375 0.718750 0.250000 0.218750
1 0.625000 0.220703 0.234375 0.214844
1 0.449219 0.314453 0.218750 0.191406
1 0.498047 0.791016 0.214844 0.238281
1 0.460938 0.673828 0.187500 0.191406
0 0.771484 0.597656 0.371094 0.359375
1 0.496094 0.488281 0.171875 0.195312
