1 0.845217 0.808696 0.236522 0.271304
1 0.530435 0.117391 0.257391 0.231304
1 0.277391 0.091304 0.262609 0.182609
1 0.097391 0.925217 0.191304 0.146087
1 0.805217 0.477391 0.187826 0.224348
1 0.671304 0.872174 0.187826 0.252174
1 0.757391 0.208696 0.252174 0.260870
1 0.933913 0.120000 0.128696 0.240000
1 0.393043 0.731304 0.386087 0.259130
0 0.468696 0.451304 0.471304 0.467826
1 0.166087 0.266957 0.266087 0.241739
1 0.282609 0.906087 0.165217 0.184348
1 0.466957 0.900000 0.213913 0.196522
1 0.122609 0.445217 0.241739 0.201739
