1 0.911111 0.246556 0.172222 0.201102
1 0.904167 0.841598 0.186111 0.217631
1 0.270833 0.793388 0.225000 0.214876
1 0.720833 0.750689 0.230556 0.239669
1 0.715278 0.228650 0.208333 0.192837
1 0.202778 0.129477 0.211111 0.220386
1 0.415278 0.125344 0.213889 0.239669
1 0.726389 0.099174 0.213889 0.198347
1 0.858333 0.454545 0.200000 0.209366
1 0.895833 0.574380 0.202778 0.223140
1 0.523611 0.833333 0.213889 0.217631
1 0.058333 0.893939 0.116667 0.206612
1 0.137963 0.463728 0.242593 0.233242
2 0.572222 0.159780 0.088889 0.082645
2 0.727778 0.451791 0.088889 0.088154
0 0.500000 0.503673 0.370370 0.373737
1 0.204012 0.527089 0.177778 0.181818
