1 0.906944 0.652893 0.180556 0.192837
1 0.076389 0.896694 0.147222 0.201102
1 0.886111 0.089532 0.216667 0.173554
1 0.266667 0.860882 0.216667 0.250689
1 0.545833 0.920110 0.236111 0.154270
1 0.166667 0.152893 0.216667 0.206612
1 0.293056 0.052342 0.225000 0.099174
1 0.776389 0.152893 0.247222 0.212121
1 0.455556 0.750689 0.227778 0.206612
1 0.084722 0.334711 0.169444 0.212121
1 0.184722 0.495868 0.230556 0.198347
1 0.718056 0.344353 0.219444 0.203857
1 0.791667 0.586777 0.216667 0.231405
1 0.815278 0.849862 0.202778 0.217631
1 0.916667 0.358127 0.161111 0.192837
1 0.947222 0.433884 0.100000 0.234160
2 0.115278 0.615702 0.091667 0.079890
0 0.505556 0.498623 0.388889 0.363636
