1 0.273611 0.639118 0.186111 0.198347
1 0.505556 0.157025 0.188889 0.192837
1 0.208333 0.885675 0.200000 0.195592
1 0.169444 0.074380 0.183333 0.148760
1 0.616667 0.889807 0.211111 0.192837
1 0.720833 0.623967 0.180556 0.190083
1 0.920833 0.246556 0.152778 0.239669
1 0.079167 0.225895 0.158333 0.214876
1 0.408333 0.909091 0.183333 0.176309
1 0.954167 0.537190 0.086111 0.214876
1 0.083333 0.612948 0.166667 0.184573
1 0.951389 0.859504 0.091667 0.187328
1 0.779167 0.132231 0.180556 0.165289
1 0.763889 0.414601 0.205556 0.201102
1 0.919444 0.059229 0.155556 0.118457
1 0.298611 0.219008 0.219444 0.223140
1 0.687500 0.086777 0.191667 0.173554
1 0.145833 0.439394 0.225000 0.217631
0 0.502778 0.495868 0.294444 0.280992
1 0.470833 0.731405 0.219444 0.190083
2 0.041667 0.404959 0.066667 0.055096
