1 0.066667 0.914601 0.133333 0.165289
1 0.656944 0.071625 0.186111 0.143251
1 0.120833 0.075758 0.197222 0.151515
1 0.068056 0.654270 0.136111 0.239669
1 0.266667 0.382920 0.194444 0.209366
1 0.923611 0.659780 0.147222 0.201102
1 0.379167 0.099174 0.197222 0.198347
1 0.493056 0.910468 0.225000 0.173554
1 0.897222 0.859504 0.200000 0.203857
1 0.581944 0.746556 0.247222 0.192837
1 0.683333 0.257576 0.250000 0.223140
1 0.266667 0.658402 0.222222 0.231405
1 0.901389 0.176309 0.191667 0.247934
1 0.373611 0.713499 0.191667 0.203857
0 0.511111 0.498623 0.338889 0.347107
1 0.945833 0.118457 0.102778 0.236915
1 0.881944 0.433884 0.191667 0.195592
1 0.754167 0.261708 0.119444 0.203857
1 0.869444 0.314050 0.188889 0.187328
