1 0.400000 0.753444 0.200000 0.190083
1 0.906944 0.852617 0.180556 0.228650
1 0.061111 0.747934 0.122222 0.267218
1 0.069444 0.495868 0.138889 0.220386
1 0.119444 0.100551 0.233333 0.201102
1 0.363889 0.086777 0.205556 0.173554
1 0.229167 0.869146 0.197222 0.234160
1 0.934722 0.348485 0.125000 0.234160
1 0.244444 0.596419 0.233333 0.245179
1 0.625000 0.727273 0.233333 0.225895
1 0.788889 0.544077 0.244444 0.239669
1 0.700000 0.917355 0.244444 0.154270
1 0.422222 0.169421 0.211111 0.201102
1 0.872222 0.106061 0.250000 0.212121
0 0.502778 0.498623 0.305556 0.297521
2 0.933333 0.479339 0.077778 0.099174
