0 0.211541 0.605243 0.332694 0.439828
1 0.917188 0.751042 0.162500 0.214583
1 0.800000 0.937500 0.162500 0.120833
1 0.589844 0.319792 0.157812 0.206250
1 0.917969 0.332292 0.160938 0.193750
1 0.349219 0.945833 0.164062 0.104167
1 0.777344 0.760417 0.160938 0.200000
1 0.606250 0.528125 0.150000 0.210417
1 0.764844 0.301042 0.145313 0.210417
1 0.790625 0.571875 0.153125 0.193750
2 0.417969 0.285417 0.060937 0.079167
1 0.073438 0.443750 0.146875 0.241667
1 0.517188 0.430208 0.150000 0.206250
1 0.425000 0.771875 0.171875 0.235417
1 0.050000 0.109375 0.096875 0.202083
1 0.936719 0.540625 0.123438 0.202083
1 0.525000 0.889583 0.196875 0.212500
1 0.108594 0.060417 0.164062 0.116667
1 0.634375 0.066667 0.137500 0.129167
1 0.306250 0.235417 0.184375 0.245833
1 0.057813 0.764583 0.112500 0.212500
1 0.518750 0.139583 0.150000 0.225000
1 0.634375 0.653125 0.146875 0.193750
1 0.209375 0.106250 0.134375 0.162500
1 0.783594 0.056250 0.164062 0.112500
