1 0.869565 0.940000 0.257391 0.116522
1 0.093043 0.789565 0.186087 0.264348
1 0.929565 0.350435 0.137391 0.234783
1 0.903478 0.742609 0.186087 0.219130
1 0.624348 0.167826 0.215652 0.231304
1 0.761739 0.057391 0.253913 0.114783
1 0.286957 0.864348 0.271304 0.264348
1 0.380870 0.120870 0.250435 0.234783
1 0.735652 0.384348 0.250435 0.243478
1 0.057391 0.308696 0.111304 0.252174
0 0.486957 0.500000 0.455652 0.373913
1 0.613913 0.678261 0.306087 0.240000
1 0.220870 0.566957 0.257391 0.267826
1 0.250435 0.373913 0.260870 0.160000
1 0.254783 0.217391 0.314783 0.226087
1 0.716522 0.778261 0.191304 0.266087
