1 0.808594 0.814453 0.257812 0.246094
1 0.890625 0.341797 0.203125 0.246094
1 0.515625 0.886719 0.265625 0.218750
1 0.292969 0.859375 0.250000 0.234375
1 0.722656 0.201172 0.257812 0.246094
1 0.341797 0.378906 0.277344 0.265625
1 0.095703 0.857422 0.191406 0.269531
1 0.796875 0.107422 0.296875 0.214844
1 0.164062 0.285156 0.195312 0.218750
1 0.216797 0.093750 0.214844 0.187500
1 0.421875 0.142578 0.312500 0.285156
1 0.533203 0.236328 0.199219 0.246094
1 0.593750 0.810547 0.265625 0.222656
1 0.093750 0.251953 0.187500 0.253906
1 0.107422 0.066406 0.214844 0.132812
1 0.431641 0.689453 0.214844 0.222656
1 0.919922 0.640625 0.152344 0.234375
1 0.230469 0.658203 0.273438 0.269531
1 0.234375 0.775391 0.234375 0.214844
1 0.898438 0.078125 0.195312 0.156250
0 0.626953 0.472656 0.386719 0.375000
