1 0.187500 0.097656 0.265625 0.195312
1 0.343750 0.205078 0.250000 0.253906
1 0.544922 0.082031 0.261719 0.164062
1 0.904297 0.345703 0.183594 0.285156
1 0.082031 0.191406 0.164062 0.273438
1 0.792969 0.152344 0.250000 0.250000
1 0.625000 0.250000 0.296875 0.296875
1 0.113281 0.423828 0.226562 0.269531
1 0.541016 0.392578 0.277344 0.261719
1 0.125000 0.748047 0.250000 0.253906
1 0.355469 0.679688 0.242188 0.242188
1 0.201172 0.609375 0.253906 0.250000
1 0.623047 0.531250 0.277344 0.234375
1 0.187500 0.902344 0.234375 0.187500
1 0.861328 0.720703 0.253906 0.277344
0 0.607422 0.847656 0.410156 0.289062
1 0.916016 0.562500 0.160156 0.250000
