1 0.273611 0.059229 0.219444 0.112948
1 0.055556 0.260331 0.105556 0.195592
1 0.091667 0.898072 0.177778 0.198347
1 0.913889 0.871901 0.166667 0.228650
1 0.077778 0.089532 0.150000 0.179063
1 0.479167 0.884298 0.219444 0.209366
1 0.268056 0.931129 0.202778 0.132231
1 0.836111 0.512397 0.194444 0.203857
1 0.680556 0.926997 0.222222 0.140496
1 0.184722 0.387052 0.208333 0.228650
1 0.793056 0.123967 0.213889 0.214876
1 0.318056 0.767218 0.241667 0.195592
1 0.830556 0.360882 0.227778 0.236915
1 0.429167 0.162534 0.241667 0.220386
1 0.743056 0.760331 0.247222 0.242424
1 0.069444 0.643251 0.138889 0.206612
1 0.144444 0.699725 0.222222 0.231405
2 0.970833 0.297521 0.052778 0.088154
2 0.430556 0.950413 0.088889 0.077135
2 0.647222 0.692837 0.055556 0.068871
0 0.494444 0.493113 0.427778 0.429752
