1 0.755556 0.685950 0.205556 0.198347
1 0.916667 0.070248 0.161111 0.140496
1 0.233333 0.234160 0.200000 0.187328
1 0.120833 0.819559 0.180556 0.195592
1 0.901389 0.544077 0.191667 0.212121
1 0.888889 0.859504 0.205556 0.214876
1 0.462500 0.053719 0.230556 0.107438
1 0.804167 0.132231 0.236111 0.203857
1 0.529167 0.825069 0.197222 0.228650
1 0.063889 0.242424 0.127778 0.236915
1 0.165278 0.679063 0.241667 0.195592
0 0.499846 0.499235 0.410802 0.370370
1 0.094444 0.068871 0.188889 0.137741
1 0.183333 0.556474 0.188889 0.170799
