1 0.079167 0.910468 0.152778 0.173554
1 0.669444 0.230028 0.194444 0.217631
1 0.208333 0.555096 0.200000 0.206612
1 0.066667 0.196970 0.133333 0.217631
1 0.856944 0.414601 0.213889 0.195592
1 0.829167 0.774105 0.186111 0.165289
1 0.354167 0.926997 0.191667 0.140496
1 0.490278 0.103306 0.225000 0.201102
1 0.059722 0.428375 0.119444 0.212121
1 0.795833 0.933884 0.202778 0.126722
1 0.359722 0.725895 0.169444 0.234160
1 0.168056 0.132231 0.230556 0.214876
1 0.173611 0.760331 0.208333 0.209366
1 0.218056 0.344353 0.225000 0.209366
1 0.686111 0.895317 0.183333 0.203857
1 0.887500 0.143251 0.219444 0.253444
1 0.577778 0.750689 0.233333 0.239669
1 0.726389 0.582645 0.197222 0.223140
2 0.808333 0.648760 0.088889 0.090909
0 0.495833 0.468320 0.386111 0.363636
