1 0.776389 0.180441 0.213889 0.223140
1 0.197222 0.214876 0.211111 0.198347
1 0.947222 0.154270 0.100000 0.225895
1 0.416667 0.203857 0.205556 0.220386
1 0.273611 0.523416 0.163889 0.214876
1 0.848611 0.749311 0.219444 0.236915
1 0.097222 0.589532 0.194444 0.209366
1 0.841667 0.495868 0.227778 0.225895
1 0.618056 0.814050 0.225000 0.212121
1 0.297222 0.922865 0.194444 0.148760
1 0.687500 0.285124 0.225000 0.228650
1 0.211111 0.831956 0.238889 0.214876
1 0.165278 0.522039 0.169444 0.195592
0 0.497222 0.498623 0.288889 0.435262
